34758
22247
30891
33334
70176
39694
51064
66422
64614
46369
32556
36764
42987
43907
35156
33180
32339
39189
44366
56186
47308
44547
29750
36891
21000
31254
45318
54585
35743
31912
28873
15895
33654
20862
18950
14226
27705
28276
30266
20386
39331
44314
27662
28112
29056
34348
39358
26405
24434
19037
26442
32347
34961
62633
44355
31726
28067
22134
19779
16790
15502
15054
9224
25551
22685
26293
35836
35369
28895
19153
31112
18353
14075
13341
18719
20507
19306
33034
31485
24818
22183
7567
16792
31071
39949
37371
27292
29942
23202
22139
26708
34202
20536
24455
44089
33094
25490
32825
43500
30493
25811
19290
31202
35320
42367
40018
42093
43531
47441
68287
49528
36842
23287
49945
81958
46920
34986
23704
29943
28884
31238
28224
34180
33462
33788
43048
45919
43634
55044
50198
50667
33595
28200
28724
25888
23504
28082
32150
42077
28230
37165
27120
49651
33660
38466
42777
37863
22210
26694
25028
23386
30041
27958
29574
25868
83248
91477
57702
28657
49998
22477
33348
26134
28279
43614
31361
23156
30011
18591
32470
32974
64567
79794
40572
33765
28417
43992
33802
41712
118162
51532
47133
59111
37817
38255
38117
26745
24539
27775
25551
26973
43342
40776
60028
43290
33616
19359
41637
25583
30620
22711
26668
29298
20420
23055
41534
38338
22205
47400
37680
50024
33146
37781
33007
36609
23723
37482
40928
42091
41337
63478
56648
43610
44528
36494
37153
21256
33410
31156
44085
36943
28989
42401
23525
20682
33777
36889
34866
28271
32566
24469
33231
73050
33832
33738
338295
307627
246836
286577
265027
203405
227035
330743
260225
250746
177572
