228106
217327
226136
203262
498437
452153
404616
347642
219451
367999
241722
365988
302018
203827
226011
318860
517793
344827
321307
409203
543173
1208024
378109
271490
316382
289201
279387
296618
215704
366106
316831
245027
289307
309389
299080
536062
186393
197643
208096
253448
212731
223085
174425
231952
234178
206300
317893
223225
221442
317084
182169
155675
244137
264140
494175
334263
467771
222260
206941
252745
321248
751936
367498
199004
307624
203873
298588
609435
316790
261719
143272
190169
142751
183481
165002
258893
499275
467503
386415
332461
764418
1558986
586943
323829
334271
344253
356714
699305
844784
441903
439037
553738
537685
429498
400762
505768
360358
445871
439841
394057
440230
330490
342244
461584
371891
260527
275402
285754
231957
350319
362444
395519
247614
315896
325227
333070
294544
407486
324706
334797
320911
266185
288549
235115
308397
846535
484970
446355
310787
285441
352454
423804
321711
238356
240176
233288
314982
312994
420678
317061
244217
562116
572085
1006917
351237
302926
520266
377087
237407
321215
254381
245235
217772
485827
325759
262253
293020
456021
552558
418459
590920
727928
389133
371967
312240
456895
401899
388107
399788
450912
598487
436785
222848
485857
347645
256716
210013
233952
262002
256174
304187
283628
279544
261317
224594
183371
178324
220405
164565
237833
214299
632612
318267
319541
252436
286687
191069
323843
344604
322111
154945
294443
217702
210155
210494
391034
585630
258446
233940
282508
267170
289730
250893
258437
250988
264268
244525
187010
144207
226488
259331
283622
218948
155604
175617
145544
264545
334560
194741
154397
145830
228152
264198
168391
148597
145331
115840
108570
160421
162092
111264
167509
130143
105036
133795
289746
175404
124628
115003
152310
269293
289489
214909
156327
127487
212157
