196742
159102
120588
123351
192708
187396
197655
150152
216101
166309
156503
104783
102911
124292
134203
133412
154080
336510
407514
426330
282639
150280
172977
270196
292280
137472
105439
188876
143283
158599
122618
173287
141611
133685
193687
145317
169705
113727
102374
105448
151734
166343
255449
160256
295395
255270
246570
244564
174881
153490
177067
149897
126113
138870
217417
218704
124826
123401
178888
230201
159001
147172
125860
176331
214965
197199
170403
159955
165081
212306
216389
154697
212262
260716
218625
217197
314916
380606
666824
615202
419107
444982
267812
249407
219759
270589
303680
170810
226030
132271
196551
234095
193437
155855
151008
148476
139580
205468
164487
237641
181235
196461
202337
132942
130728
321292
153531
328663
212934
144892
148686
176250
159609
161055
122181
199801
163006
215153
213671
194023
228883
193122
188324
153806
215408
244466
159648
224464
204638
119350
119005
109360
144312
134565
268051
202472
263687
350854
283365
284626
171095
253336
270857
199585
193736
162264
258506
315393
459235
598577
351537
303696
233706
214182
271200
272440
279527
366330
458183
437109
268394
374290
303805
237964
291290
313026
245909
232199
270872
316779
357417
305224
277269
194914
215343
208954
279889
311950
280221
277317
256164
274448
255404
196407
209083
264095
365340
248034
233771
263625
154847
201027
425340
290061
294594
371377
365892
383910
423453
230470
190495
150196
208846
185708
229930
160162
152887
150198
103343
158933
108259
161399
221447
191042
126738
113724
150946
152394
137224
33179
31084
18321
20001
22949
25090
21147
28763
18158
21759
11347
26644
24091
19521
28536
36350
26017
62094
29090
18337
21562
24674
22904
19092
27318
29941
49182
39694
24508
26341
27829
33876
23914
30089
16556
28239
36307
