29219
34848
21381
38365
40156
31989
31327
26715
26266
34237
31501
21197
23858
30846
16878
19918
34179
27667
22480
28734
37158
49072
45500
23413
17760
13724
38127
26291
32246
25985
38588
29340
36184
35504
67026
25183
27382
58322
64152
42083
49903
26451
20217
26096
4819
11228
14473
16182
14663
24558
24767
40399
52446
42774
19143
31425
31502
20542
20763
28261
26836
39609
43215
52850
55306
48850
33778
41371
36851
60125
38010
46074
56375
28112
21675
56552
40937
25876
33288
58689
29311
38623
32561
54070
26524
31683
40366
31167
23662
30902
26593
27158
24699
29078
23645
16787
23371
27551
42108
30884
27565
54685
48487
23456
21585
26237
25548
20647
27411
24072
36808
23396
17390
31517
37672
20186
18394
27779
27639
22171
59921
43065
41900
59689
84444
49507
42819
35710
30873
39608
33805
24723
28489
36699
60567
62723
39385
40619
31520
39514
35993
37948
45244
40028
64194
65021
51260
60310
49606
41448
48960
40957
38924
56393
54587
55584
51671
39994
29488
28442
35151
30134
46022
49440
25854
31694
33832
33149
29398
44071
50448
85269
72558
83483
34520
33230
45471
29203
20593
29045
23028
29910
35728
27193
20453
22522
31942
169784
180316
88487
192412
83817
63594
101242
59208
37422
32138
30316
32527
25345
28542
32602
23014
16196
25859
29097
26471
25710
84699
92196
69281
65988
78030
62828
98505
75161
67755
55229
51186
84107
99143
80041
102384
71966
76355
69643
150093
71305
82051
61743
118393
114374
185338
118729
104769
108363
128175
113335
88380
57144
59079
54606
72968
81382
133222
100717
86895
86003
77797
70409
74647
59798
60771
58056
57471
49889
