39947
52152
55401
61467
47802
59574
67849
55927
48318
67418
63979
93291
86395
41868
28898
70463
102148
55592
53473
62962
53366
57863
46151
62687
53468
44918
44118
53956
54068
94109
58808
48578
27577
15193
40865
44526
35904
29933
51957
50677
54703
61690
58289
52525
52486
50566
43097
77404
79952
67560
83087
70049
48504
66281
115668
66514
95154
88173
82593
67933
91980
108175
71303
111454
74273
64358
84281
75530
63756
53599
96520
57417
67020
67849
59042
70411
45590
49991
67055
63617
73369
43116
58972
81570
57120
162312
73924
59597
73727
153751
163286
75170
46564
63360
85108
120039
105573
134290
76146
61918
53405
72460
98729
72510
55836
64583
69292
91301
72035
79485
90839
63824
125615
80598
91950
94317
104488
93110
92723
107046
87976
104175
107308
124990
120561
102725
85663
88454
91831
100088
74303
69687
91881
108628
165447
129378
126695
122533
80501
110758
87571
89894
43438
102878
93146
109198
87697
91856
59047
67961
95685
94072
78469
89906
76161
59419
64882
70477
137523
54566
83405
102623
86197
56777
96114
91219
73371
51999
57468
69203
55520
57975
91383
42000
79075
141958
107537
87209
59181
46365
68566
88464
78200
75095
90784
61689
58971
79949
44984
89666
63216
44189
50879
47960
60439
102187
64073
46096
35393
23275
26557
27584
27902
31831
19826
19601
21058
19023
15778
15749
26991
15125
46855
35542
37063
224057
36217
39856
30201
23267
23245
29916
33170
21722
182434
97536
92114
732351
76207
44472
41063
38287
55067
49081
34742
42832
40933
47705
35654
35098
26269
21652
37223
15146
21078
15400
17733
17969
27134
23890
19620
24733
22955
17228
17241
9765
