40933
47705
35654
35098
26269
21652
37223
15146
21078
15400
17733
17969
27134
23890
19620
24733
22955
17228
17241
9765
8212
11869
16502
10562
13108
12182
11828
9114
5546
20192
6018
7525
5659
4673
5889
9188
10568
9047
11477
8652
6404
9818
188490
83475
47535
46669
37556
25436
30116
33420
37463
23193
17548
15673
21191
16003
9116
18116
19826
28361
41452
18406
26032
16131
13886
21002
10415
14049
12965
11369
14470
11385
13569
19109
8662
16930
8470
12143
12405
9437
5787
12429
13999
7837
8544
16876
7436
10240
5941
16693
4309
14651
12282
19214
10077
8763
3570
10801
3829
1274
4987
6401
5086
6476
10862
10267
7098
12999
9324
15827
17283
11070
6142
8570
15200
8472
22739
11016
7536
5560
11795
9365
13485
9579
17381
16352
18787
54944
51086
47371
38613
40547
51713
71148
71321
76700
52330
43440
41107
58521
101999
75862
82468
107624
289122
138285
105124
58797
43693
69429
59484
45166
58492
50130
66332
72579
59229
48900
71175
41723
86293
37086
35976
45655
69081
80635
69096
41164
43577
50226
49133
36780
43796
42672
61690
41642
36938
88831
50794
137945
49896
52631
32832
39984
37544
33444
30854
37907
25044
20495
50749
54288
36456
36812
44331
31194
38631
44214
38844
43893
54470
80228
156194
65627
93347
50318
31921
55595
13499
25734
30931
21240
29003
47101
71087
53363
55766
54291
49014
50738
36600
45361
67322
59640
62584
74046
77212
69614
53562
98970
64177
83778
87054
57356
67319
94502
118814
86155
80476
95919
101253
212215
90381
92139
96146
123239
61197
79059
95451
77354
47925
49649
