42113
66320
57267
72054
56905
58256
50376
95484
127189
68171
86319
68961
116499
65285
56104
69386
52900
109583
127357
88651
110299
122261
146503
148972
114166
69292
79738
49579
70820
62352
62090
60981
77581
65422
63687
88205
74963
87788
97443
72136
88474
85074
83854
77677
58102
56667
72331
52400
59301
46144
72506
95139
57627
95935
358517
202896
150307
145126
220636
174688
157284
104203
135092
117535
88519
53169
70126
135778
94571
48384
72541
51518
56905
83223
61384
77031
50617
51753
44516
53202
45314
55846
56518
67005
46125
51491
34833
40631
75058
76939
66254
63344
68183
51266
52537
64696
58686
51873
40096
46687
39372
28649
41162
28011
39803
29904
29299
52883
75196
37581
30419
78573
43738
51346
39762
43674
58295
41143
41946
23315
49682
63990
59572
49453
48710
43479
25997
45596
40821
54399
59567
60036
38879
41646
43938
31246
31178
37991
31709
29890
36485
55469
33003
35217
33824
44346
37714
26679
42952
33698
15701
37547
41496
35890
47226
146270
41950
28129
43784
54978
51372
46380
68246
39560
38293
43277
29973
32092
26014
22826
36352
28854
39751
35934
20449
14437
8624
22596
17986
18494
14450
21026
20400
21049
20333
23930
29638
68687
53270
50736
58077
39067
46571
44151
47613
29369
32032
47606
75215
70800
41398
29019
22009
59000
58447
55263
48412
47452
80662
78361
63180
66336
102300
38534
42981
60820
36980
42704
36067
36293
42935
23987
28145
31958
29956
40110
57230
59113
34753
25891
52353
34392
26735
48703
23864
19109
76010
52337
57124
41414
28705
29564
20768
26086
24239
38228
46422
33239
30738
26740
70905
44191
74431
37127
30367
43651
