31049
36707
45201
61920
74352
46828
60099
37468
49850
39018
63780
102581
46768
48624
26685
34804
54888
44155
62657
124263
96626
83472
70389
61765
67333
56260
46549
45513
45724
61767
57521
67858
73739
50596
39139
33949
37060
43731
47864
41234
27519
33790
31940
37458
25908
42099
35964
40532
43731
45966
31508
29264
40169
48181
20781
36723
39920
48643
35113
44510
29492
34937
40053
55313
35699
26296
32541
43143
45727
31329
27309
20327
23668
19188
33332
17274
40497
48731
66198
27100
32771
43929
61245
50054
40472
59279
58042
72002
41460
62807
56446
51395
55985
44048
54626
40017
39310
37684
38652
52891
63686
60232
61877
50555
30112
34086
42360
75836
37747
56266
99808
52167
38555
41192
54684
28975
41554
31824
26685
34207
43558
53002
56594
40185
52885
61489
52718
38576
41306
41209
41801
51289
43174
58567
62045
56271
53077
35664
75224
49786
48073
56590
39271
45367
40782
26666
27034
56514
66665
36740
34490
46270
35158
53180
38889
49446
44774
63323
51126
51493
37606
50042
34005
26772
26460
10252
15910
21816
17890
19576
34724
34586
37458
72320
62646
50195
42787
33365
32339
36936
43359
77353
86860
62707
63676
50092
51284
73792
65803
59221
100662
59605
69398
74664
66111
82412
47992
57445
50908
73842
46118
36795
38974
36197
58192
46074
47014
34874
27326
44221
38915
35039
50478
27702
44765
44287
85556
77003
49438
48223
53983
58841
69607
40847
48182
89286
60654
64386
74543
55230
46667
37442
73851
76599
66212
64462
41407
38792
47868
61771
46547
54398
36102
76955
51841
50115
40392
38190
67928
76123
90388
69248
86947
162073
111127
93423
