118613
62353
77113
60435
46444
48005
59818
53257
43846
82278
78300
60874
86774
95005
54306
63495
46366
49796
29637
59351
41356
49111
47559
43983
43258
31975
62282
58535
122514
67442
51500
60625
49679
75175
92098
42514
74711
66240
53076
62097
44923
55930
39853
47679
27303
46911
31951
36167
70208
37570
36438
43487
38907
51878
38431
54692
35953
117175
66193
74915
72491
45577
171928
128345
65903
44814
52250
63388
60221
50798
62427
53972
56885
41981
31593
32324
36709
28382
20044
26155
50389
39538
25487
35717
32369
32562
28211
26321
30438
42501
24461
41058
20434
29210
37834
55648
33444
26694
22535
33791
39387
44638
26901
37106
18667
31565
27163
19520
21496
40303
39857
37642
33506
28653
28943
29175
25056
27708
28042
38110
33483
28536
32397
28934
29956
37981
32011
35652
25663
34640
36866
23895
30521
27430
26426
18628
31511
39700
47968
40340
67756
30334
32912
34924
22039
23840
25056
22125
26746
41077
45367
20601
17672
13514
6145
11223
13744
13995
17077
34504
28560
27316
22065
20284
21476
22574
22352
21094
29717
25739
35620
38244
39187
21076
24467
35970
43658
36644
31951
36373
27582
38724
41663
30383
29482
18364
23093
30112
24241
21297
37171
37697
29946
33173
40764
36431
32837
29112
28623
32797
44928
48856
34668
52044
45842
37975
26788
29358
23176
27209
17217
42653
42157
28536
39581
41205
19128
30976
20704
27578
26938
32487
38858
27085
25684
21460
19482
27219
31973
25464
45116
26121
25226
24461
22814
29339
24271
47751
44558
44819
42200
31401
43117
35946
66201
74969
51906
35617
31395
39204
39514
43866
34118
45130
54979
45839
