30784
39973
32051
33398
28042
36720
40706
40370
59867
55664
48426
37014
28561
32501
31366
36511
36167
49687
39361
37499
50005
57899
40428
83150
47775
72264
38778
41127
43348
42757
25863
23012
31208
28166
26563
39443
24266
30230
57032
34875
39192
29329
31372
29020
42526
29310
26034
33221
31233
23432
35725
16910
28473
30303
24465
21913
23667
31903
32099
27459
38523
35802
29851
26081
23398
24516
23435
37268
26863
30783
30238
43708
52178
43291
28085
30188
34337
25907
32128
61138
20685
31565
27507
29939
26035
34021
47774
54264
41186
36736
37170
22034
38135
30474
43336
33754
37552
35489
32297
31337
32556
63237
39754
33791
35899
30554
49041
19209
16269
26145
20840
15372
36840
41445
72360
197226
48204
46332
50762
33649
28669
16908
35561
35087
55333
38859
83376
25497
23062
66259
51198
55123
47068
41467
28031
25724
39626
18157
15436
11410
9282
21135
14982
15847
19593
22285
30087
66383
41610
46482
21512
39932
26801
26964
34058
23950
38066
33234
45540
37128
34836
23057
45702
51319
37009
26105
21902
48837
52247
36651
50023
26896
31972
43229
61509
48786
23340
29294
41494
59130
142469
60612
35546
36070
45805
31290
31845
29549
20940
16448
38182
28111
25897
13165
13377
28649
25974
38884
18592
22782
24211
26249
27644
19953
23091
18870
45807
35828
53737
33870
44696
25716
23112
36401
18196
20872
32297
52609
28608
26340
50919
39320
73389
54251
52996
41367
39634
27954
61514
77040
70152
70684
57194
48189
35499
30905
60274
45598
47948
74515
121728
106537
53597
46785
39387
34888
43410
42695
29580
37918
57225
65997
74585
59014
39084
31721
