33725
32747
43515
32931
26375
71036
82763
76526
46211
62426
51433
68459
41524
39280
51010
41631
35525
24002
47544
44560
32766
44860
20512
57146
61372
72335
39679
39408
34394
40691
42467
36205
31960
32386
31405
28483
79044
28769
31667
38260
39135
112191
51608
37769
34729
31582
13171
11329
16420
14403
19345
12891
19758
27588
11138
22398
9665
51623
176047
67449
22382
32207
31708
23230
28454
12471
11539
12019
15137
17747
10328
16874
28442
25019
20987
18120
19416
11695
11555
9475
11194
17107
12758
16269
10741
11119
12079
11808
23198
11525
26321
16176
19218
14314
13450
16218
18363
15535
13742
12993
20642
10856
10998
18888
21149
12373
15460
14560
7625
24024
24827
24685
17479
37033
32543
18245
11218
14770
21946
17835
12638
17922
14179
18695
12074
12640
9112
3107
8059
6431
7453
8125
12992
14221
18802
9368
9540
9978
10218
12408
7630
17760
12729
16385
40651
25699
15819
15250
19436
18879
15829
17151
19811
21624
16528
28363
18577
19161
20904
26048
19867
14547
19574
31384
20659
13968
14028
16401
18760
21390
13755
12530
15807
16039
20167
19572
13655
16012
12690
11751
16995
14483
10146
16273
29121
18658
9368
13366
17306
23685
15293
12188
18872
12585
17808
10517
13995
12066
9590
9501
11040
12394
13903
17340
13753
12970
14180
19305
12651
9641
15155
16273
23147
41324
22902
25108
24213
42978
38021
23775
21023
16962
15532
18689
13636
16966
17994
32185
36566
18531
31810
24438
14364
34528
23705
25685
19967
28395
25270
21296
17843
22849
16766
12194
19993
26142
15645
18660
12377
17510
12042
12468
16576
8590
21100
20832
