19881
11207
15010
12926
18438
12768
7835
10674
16158
14947
15807
15978
25252
13443
14903
16726
12300
26612
26250
17738
17447
16303
14125
16715
47663
28070
24757
22850
26296
23144
50249
43587
38498
21003
19629
39739
19207
28073
35491
26771
26521
30186
42184
27999
31427
16591
31516
26616
34696
40200
34875
28683
29602
48409
34812
36935
84267
44688
32392
26777
31416
44053
41018
32485
31648
33969
22731
37743
41534
34297
32957
67810
66381
57341
49267
42242
39970
26411
23994
36500
32294
62455
46485
45472
49087
34785
40444
34306
42043
38886
28416
43740
54742
48381
44918
31785
46086
27383
55358
55311
61289
42286
68166
40137
37885
47561
48473
54863
94828
44805
40249
27953
45479
21179
27323
36619
9638
18696
19361
14975
14861
40765
51123
31573
35811
39805
39928
28343
27297
31177
48960
42637
49455
44131
42062
25159
35428
39084
39538
39318
51179
29124
53410
34429
44439
32198
34147
26191
30555
31883
31341
21452
38347
38542
29297
31240
39351
24764
26351
29649
29367
19241
22911
19719
19837
16590
25222
29093
29554
22116
21811
18903
24028
39386
23232
30143
29097
22977
20069
25191
33624
25369
22855
37791
56801
29244
23127
23038
33690
33686
35631
42160
45166
37684
23282
18451
23777
26739
49680
57245
44276
36896
58481
47330
80114
66481
83220
76937
55314
49514
44787
30393
47792
33008
38068
37446
44751
44995
20144
57018
40373
41051
39726
34363
29785
26372
34794
39405
56718
54808
54584
53139
29085
49218
32130
31374
36641
24551
33648
41664
44123
35370
32142
54275
56647
39400
32925
56488
70501
42629
32401
28221
43008
29266
36243
43969
