31156
39500
44723
40190
40211
31395
40185
26908
51992
61378
40844
45004
47474
38657
44931
39558
37345
30698
29766
31585
24240
32501
34823
29466
55350
79512
69468
70748
52937
55375
44668
62573
77771
39899
38019
49363
41359
41917
114000
70694
81148
58953
68446
82437
94899
75805
69302
45740
37343
66118
83547
87852
63962
71689
73835
56406
67995
41185
32921
39634
56829
44036
60214
41935
63751
54709
59058
67480
65552
93101
114834
42798
126622
189732
130625
141725
91271
64129
61247
59204
47137
86828
105992
86733
61188
61081
38222
66111
67081
60820
46739
127263
48517
52982
57995
74699
51129
56352
106251
72680
54123
63304
34964
44737
39088
15239
27622
37445
24999
34797
45975
50931
75075
168438
56474
86165
57031
54884
43208
55883
46992
62206
60679
65312
62020
48293
119721
88029
136987
58004
41752
33666
164865
97497
52483
94196
81516
81284
108286
187119
111363
72807
67054
48715
54411
63542
63647
70000
166746
136847
85996
65090
67799
83394
71636
126583
91702
58140
86024
53061
89939
59403
97088
130879
88791
110990
150584
86824
80273
69923
90393
79273
113659
86713
78356
77677
79103
54883
68836
91202
77878
196946
87935
84234
95416
104284
86052
110751
146318
75724
57055
62313
96688
97959
97166
154791
216149
124752
100134
84174
48742
62017
113050
112153
112389
153252
161788
76439
127546
143217
75772
62487
131090
108188
84433
95508
81534
74603
92223
108473
63758
69855
60262
59497
65745
95064
60783
71574
54473
90170
161583
44002
84174
97414
81705
48698
86375
176593
81040
129176
64444
48390
58868
51847
75677
31610
40504
49902
54880
59343
41650
69218
32705
42914
41333
54633
