50123
33179
40521
79381
90455
93614
56797
45067
43780
45058
47434
45238
50736
60724
59234
83075
65465
52539
49368
55884
67212
67255
60416
34731
63146
71969
60638
51995
71577
72302
57577
60888
39608
53364
119483
122135
75453
65979
173538
102525
63622
62374
59569
120039
79911
124727
96907
60241
93251
68248
73966
58039
67996
75503
66565
51312
71399
77172
83004
69177
70321
63680
93573
53320
61107
47022
40609
50054
44965
42037
52862
53483
45361
40258
25470
19264
47522
37933
36029
44895
62553
62895
69016
75999
99056
59091
68733
68459
69521
78497
68159
111345
46154
38978
21711
24004
37801
62459
25070
56719
45735
43030
61816
52264
36740
195432
104662
66303
97940
130450
110077
78377
70000
54316
75769
62549
66268
58836
71412
52914
55450
61082
127514
53951
99612
87251
39153
55365
51374
75200
47634
53612
87743
49652
47410
72526
50060
46394
60335
52014
67938
39298
21454
24069
32712
67973
50034
35129
39661
39232
91475
143340
124345
61139
41921
52671
48960
29275
44949
47971
43145
30831
40857
50342
95201
70970
53301
61781
67262
72665
88731
52509
65214
80416
57261
41407
55439
86205
92552
76066
123404
77543
83928
90607
86665
72117
62135
48229
49325
36966
38080
43476
44690
37940
48812
62252
51698
46090
50788
28866
41813
35464
64871
63804
86810
86398
55616
60946
66983
72593
79289
39933
56048
85385
55821
42791
51260
56070
38152
70098
44916
80561
78237
91161
70359
51313
53091
40907
39879
68686
51754
31219
44275
50916
29522
51857
30529
43829
32052
30511
40929
65250
46732
49159
51074
69184
32230
39121
66333
38129
39961
72708
33865
25036
24192
24203
