46816
30149
58637
32212
39874
37318
36624
32167
35380
66441
41430
37386
42611
41137
32188
37078
34262
36065
51892
44203
41853
35189
28762
32844
37024
29691
32073
58585
45719
54481
40434
41062
39041
29537
37320
38861
37925
44373
39289
33139
40081
34442
38334
32600
33840
31946
37803
44217
66718
44654
28324
37517
31947
37332
37658
28117
28963
24954
25660
42702
47537
35425
33850
24050
22165
60361
48426
31925
44404
44778
30595
34527
32634
40080
25655
30535
32273
35022
27634
37512
23103
24942
14290
6322
15166
12226
11626
14462
23619
39652
29257
27678
21966
28496
38487
25521
22668
29748
32637
26527
40621
41879
49459
49172
41766
42095
42330
34436
50146
59591
54462
89922
65666
55774
33420
33160
51927
31407
29503
24167
36060
27709
28916
22926
27514
23516
26710
23833
25623
25490
25886
22041
22227
35917
25402
18822
25015
23835
27067
24008
37236
21464
38022
23541
27155
24058
23535
27258
31534
22660
20807
24515
27284
27872
18634
22630
24292
23072
32373
48631
26413
21796
23928
24490
25701
24626
42352
149767
96483
44787
32042
96958
65084
101654
113364
138081
52757
44104
27909
86953
53197
66531
77234
74034
100220
55365
64550
63085
72278
50509
46002
50211
31536
67267
61608
67226
55301
40997
30571
37754
54244
37987
43756
42003
37693
44189
40207
39362
45728
70852
86902
62202
62905
35565
51657
59192
60490
38892
28808
58837
40370
39859
42452
32747
40023
51426
74568
74922
56548
56929
66365
47680
46429
45039
41229
40311
28687
29399
27962
27814
42516
45489
36596
24152
30795
43812
39956
19968
13688
14321
9593
9535
15611
17695
18776
27813
