55301
40997
30571
37754
54244
37987
43756
42003
37693
44189
40207
39362
45728
70852
86902
62202
62905
35565
51657
59192
60490
38892
28808
58837
40370
39859
42452
32747
40023
51426
74568
74922
56548
56929
66365
47680
46429
45039
41229
40311
28687
29399
27962
27814
42516
45489
36596
24152
30795
43812
39956
19968
13688
14321
9593
9535
15611
17695
18776
27813
23466
14102
21028
21954
16066
13939
17804
27389
31548
20729
11966
12014
9781
10251
13259
9675
17099
21277
13986
25495
13234
12995
12314
9999
6983
6344
9943
12447
20333
16751
14289
23034
15271
13188
17581
11615
13356
39009
24281
14601
13075
14569
16671
10776
9288
15459
8311
11790
21234
12395
13539
14599
9352
7053
19226
14432
17325
14624
15141
13958
12935
14289
18833
12153
18194
12228
17258
10971
20460
12170
12789
10671
6154
12143
13955
12923
9412
17448
12516
21291
25853
26506
18336
14962
25525
14575
24970
25642
20432
19502
20101
16751
12029
16308
18697
21060
18886
50877
33547
71432
45467
25055
23361
17583
19067
19757
12863
11455
10862
11395
13294
13249
9480
12460
13373
17878
17132
8576
10418
20656
14248
9945
23722
15120
15655
19431
10455
15703
11696
24149
10681
11744
14427
23204
13570
15393
17351
25353
15062
14181
24444
31880
23085
16826
12142
19331
20126
19863
23861
23429
26019
24073
22313
15348
14490
21184
15815
16128
47829
19090
14639
15263
26891
34423
30631
20233
14025
14762
20592
18122
18724
19807
28399
37660
34050
32281
27052
16485
29002
18415
27062
21576
27110
17392
34800
20939
15885
16330
18955
24125
20021
19542
