23466
14102
21028
21954
16066
13939
17804
27389
31548
20729
11966
12014
9781
10251
13259
9675
17099
21277
13986
25495
13234
12995
12314
9999
6983
6344
9943
12447
20333
16751
14289
23034
15271
13188
17581
11615
13356
39009
24281
14601
13075
14569
16671
10776
9288
15459
8311
11790
21234
12395
13539
14599
9352
7053
19226
14432
17325
14624
15141
13958
12935
14289
18833
12153
18194
12228
17258
10971
20460
12170
12789
10671
6154
12143
13955
12923
9412
17448
12516
21291
25853
26506
18336
14962
25525
14575
24970
25642
20432
19502
20101
16751
12029
16308
18697
21060
18886
50877
33547
71432
45467
25055
23361
17583
19067
19757
12863
11455
10862
11395
13294
13249
9480
12460
13373
17878
17132
8576
10418
20656
14248
9945
23722
15120
15655
19431
10455
15703
11696
24149
10681
11744
14427
23204
13570
15393
17351
25353
15062
14181
24444
31880
23085
16826
12142
19331
20126
19863
23861
23429
26019
24073
22313
15348
14490
21184
15815
16128
47829
19090
14639
15263
26891
34423
30631
20233
14025
14762
20592
18122
18724
19807
28399
37660
34050
32281
27052
16485
29002
18415
27062
21576
27110
17392
34800
20939
15885
16330
18955
24125
20021
19542
15799
14123
19906
17192
19729
17129
11186
27343
28778
28059
117678
54903
30711
33793
22355
15713
28003
25942
16899
20761
14236
16247
19705
23475
77277
18678
19911
19884
26104
21370
56564
27358
15132
9508
15038
14001
12314
15159
15420
11899
14986
10017
14894
18291
493973
310505
176934
274354
1490301
1307348
695993
872379
994155
568466
504582
552941
466686
382166
556658
525902
353441
242054
212114
1148925
