1234558
676919
515709
330452
325726
298762
288311
268265
470580
302133
450337
290507
373933
181166
173152
217326
188074
325309
230694
263897
218125
178898
292034
184318
248598
230402
342579
310200
403373
161051
305099
288144
127367
104035
119142
92944
70872
75390
59468
58785
67339
42396
42093
407784
425397
144836
110913
86633
88464
61492
53710
69824
122638
133503
94329
55799
93813
71932
55370
291568
102462
53272
156122
64651
49730
52354
77547
89204
71689
92442
127073
107306
90455
61442
61457
55479
181878
69169
80236
59054
66763
85855
164355
71225
57119
46393
58783
48191
59560
74988
42942
97105
316333
311526
133962
68954
53706
64879
46724
241546
136134
121280
123759
271264
296586
181921
104239
258020
195166
273124
579178
706508
465814
210110
436721
353365
180176
143300
113267
147722
130927
137575
294546
130334
108406
86154
81214
62501
162812
199709
345287
338950
222861
459058
221175
152299
169729
304082
148231
275698
241199
296747
197543
170424
335388
242883
106060
119059
77822
74193
94295
132645
263757
102039
184304
160404
94542
73116
76231
81456
93695
108501
101022
76546
92388
88359
80307
62796
65749
54404
43265
39138
37468
47072
57967
35649
25337
112745
58698
49264
33396
33757
73865
39192
32762
30694
45533
23928
39186
43019
45945
40450
35048
40485
33272
39148
28552
76288
37787
35203
42296
30918
38123
34402
39887
31878
80274
64224
42174
43403
24051
78418
36260
45542
40861
133584
52998
48098
48579
32078
32072
34427
28871
34737
34194
36058
36929
28050
24575
23652
22659
29635
40782
34394
30931
36801
23121
25391
35461
22347
45781
57480
59895
32270
30633
25512
29355
32885
29859
27453
35972
57625
47251
39082
31621
30726
