23878
29027
24507
10884
19541
33316
25530
30694
34168
20911
24463
20251
21058
23732
25686
70736
35104
27609
34615
33973
23839
20648
20326
23970
20895
20913
24832
23126
19583
26501
9666
8474
26215
27883
27385
31737
36622
27229
23966
18090
24109
12741
20621
27346
20472
18232
28026
21011
22804
16101
5264
14687
20853
20017
17051
19386
20706
37972
39026
38251
13139
22201
16098
21329
22807
20303
18041
41779
28917
18656
17044
25672
17804
23574
12900
26190
23561
36333
35217
18078
26382
16782
16400
25373
22474
20533
21581
30383
32954
27186
20771
14795
21702
10531
12303
13448
9787
15424
11548
21553
21513
12400
18309
16287
26214
17538
19577
31109
16866
17261
28582
28350
24874
23420
18227
21097
16226
17339
29409
22566
19494
16777
14002
15058
20209
21127
32996
17723
15755
21922
20360
38373
24402
32472
29108
39102
42055
48086
42320
30659
43105
34468
40799
38059
27252
22602
21149
23540
27903
22572
32495
31598
18225
26157
26046
26778
25488
25839
18793
21713
31515
24485
25252
25902
29088
20288
35663
31243
28755
21584
17905
17928
23223
15981
19982
27695
10206
20853
27402
24970
23349
33032
27289
19685
10845
14639
15124
12323
12437
25007
15363
16231
15495
24066
36301
13675
19162
17862
23373
31214
21507
23490
17727
14634
19294
17428
16641
24922
19581
16732
16280
21031
21754
9882
8827
8435
10274
8892
11892
6359
9709
17438
12516
12186
8012
7755
7725
7510
4562
7496
12818
9519
21078
11440
7957
8162
13793
14209
5571
8585
9305
7709
10788
8156
14544
8622
13514
24410
9983
28091
32193
17090
19426
15757
16819
13401
