10644
10737
15521
13552
13239
12371
10275
12806
8764
9161
9419
11255
10330
6309
11237
10038
6831
10166
8783
10775
6666
16179
10330
9621
11909
8238
13102
22892
17434
13560
8157
10049
17205
8354
9489
17456
6525
9164
5898
3224
7616
4411
4401
5858
12281
13775
13268
10224
5923
6600
7704
5554
10255
13672
20847
12834
40788
45288
21528
14414
12401
10852
9912
19962
6743
11582
32953
20154
11556
11809
18442
21996
17819
10789
12814
14960
15962
14384
22936
10012
23255
12489
14343
10479
9004
19825
13618
14912
13089
16320
12863
10942
17010
12872
8287
10467
12399
9118
10291
8783
14336
14168
9019
8775
10918
9909
10015
9121
10119
12988
9674
7700
7444
7447
6169
14451
11783
8340
12463
9379
13494
18244
13140
19393
27072
17651
15322
11644
23430
29393
26966
18229
11838
12247
14049
21868
14618
20723
16889
27564
26918
17110
22780
25035
19511
23873
20229
15384
14164
16492
14251
19180
26087
17077
14119
14072
11048
19864
15629
23160
16049
16406
12082
15866
24691
20185
19717
19739
17161
10554
12961
14915
13119
15324
15266
14239
14738
15459
31484
10831
18706
15588
17372
28071
21130
16166
15476
21604
15148
11706
12674
20839
12712
16120
10333
18262
14494
9991
10168
9291
9732
9436
12564
44253
36359
35825
46480
35977
37952
36029
98128
38189
27205
27708
57069
40477
39525
26693
35009
41862
41305
30903
53253
50398
41001
40023
46672
49032
50574
73842
76651
40028
37123
34085
62257
73190
60149
27211
91473
98624
70055
56824
42279
29554
43952
31273
29702
47826
43103
68507
49955
46567
40619
54011
30590
52023
