65913
25471
21911
28928
28854
29950
31463
22564
14443
27684
36704
29095
32918
82557
78141
71036
48821
36987
23942
30299
33660
34959
31106
95768
46141
23346
30211
10436
27049
13665
27131
27544
30155
54224
28650
29193
21067
28987
32502
31428
42086
34562
65143
47773
35243
42581
37588
35736
27225
40018
51191
49942
32343
50385
73644
57209
25408
34566
27166
26749
27923
23381
19905
19834
25089
23950
20907
16324
22782
41677
29882
30999
75993
37739
42901
49532
79470
73911
45219
85159
60419
44072
33583
40642
42693
60507
38288
47406
38898
30982
24571
29168
22398
20273
30798
32599
38335
25704
28766
26060
19397
23677
35846
55260
51970
24899
25396
37987
27829
27573
39983
49271
166698
59523
41400
39648
43797
64836
82494
37579
30465
50943
27127
80270
60388
40349
54856
46156
30166
39716
37613
38239
34611
30746
44428
63210
62396
44086
58234
61351
55511
42452
59331
50165
43021
37804
39435
35396
45903
47397
51543
58545
34315
83895
49194
57732
28450
47714
48831
33651
26946
35352
37919
41886
42257
38914
31144
42979
36765
30461
32441
31196
31501
44535
234521
69844
86836
72413
44836
29666
44884
49694
92635
58086
90253
60503
37362
43384
64010
121013
53273
77016
78232
72673
76988
57165
79449
98243
45986
38968
39076
47888
45452
62681
51584
82639
81836
84019
48372
49360
65508
73765
107695
72091
78784
61399
78150
107853
122141
76455
101452
58115
65943
69718
49352
107241
103819
68409
84489
50150
63763
70581
82541
66876
87273
211135
142075
60259
96000
74595
60996
82598
52571
62025
106193
74514
81765
71131
68022
65045
54480
66153
54685
86449
80358
86173
