102834
143393
52326
39773
89241
71165
60686
57698
42082
56211
61662
58410
82795
55614
36058
23242
36131
32435
33974
24121
56320
50064
67444
65283
116056
104639
92001
66916
59116
102221
127368
89650
134125
157556
197789
167037
152700
117889
97302
78919
74260
56816
110658
134887
77204
106886
74381
88341
81556
150209
82545
76645
82734
70786
77437
162059
119531
61732
71113
66160
71412
261104
113535
119149
94049
68753
65602
84976
62844
79405
80795
77351
81991
70877
93466
92236
89428
83744
55897
56910
54652
59080
104983
103883
115025
99833
116855
65975
68052
79850
75873
104544
168341
313572
192422
158259
112933
120540
295019
133295
168696
130374
136103
155052
219037
265932
207404
141330
130918
100109
141201
102494
135322
145151
134702
136632
135048
70255
269901
194721
113020
94985
96407
76939
115156
154777
112931
109259
100970
75798
77996
66287
110916
67023
68810
65528
101090
68469
90493
74660
82679
68290
140400
124630
104954
54350
83599
187813
73011
101190
76173
75905
176108
90736
66553
57825
113265
101481
94805
100183
102469
218707
119333
112554
74905
87872
149434
66594
50337
69024
41014
73087
71465
64467
55031
48494
69869
91428
62085
39759
33114
31966
33747
39374
33605
32349
70586
31129
32481
25947
43466
35888
47235
29682
47907
51255
71745
63607
31425
34592
33248
47004
30099
56276
47082
64218
78706
51493
40815
48655
29837
36586
29680
36308
53938
69695
44461
57480
33936
33914
38472
45769
59453
70246
45604
38090
107177
34883
61218
52585
49709
43528
43049
47012
27774
33095
35212
48364
39882
37212
45859
21954
57061
38635
29743
33985
51323
30352
52471
48678
42187
51837
46017
31040
38921
42017
