66605
41078
30572
33811
11149
21382
24862
18608
20452
26309
53420
33994
36945
28068
21682
53542
35171
33688
46965
30087
35771
49007
70589
41368
44271
52024
29227
28935
23243
28545
43726
64280
55765
28449
28135
39719
59677
58844
56249
47454
48012
48798
36923
55034
42255
42504
39836
45349
54720
44203
59620
49675
44637
40495
42952
30189
41257
73078
47925
57694
41570
53701
52413
29249
32280
56146
66394
34194
24042
35729
28934
22854
30261
39483
46853
30455
23904
43075
87557
45305
86386
76971
102418
59698
49058
48112
47839
77998
66248
119043
59860
38245
84191
131102
98364
89528
62752
60947
51690
43492
46839
45932
42564
54599
72855
58762
45019
47820
38484
40127
44992
43880
55647
34034
53985
44906
47758
39044
44290
27493
34250
31330
45378
51620
46363
36750
67844
67653
52999
96147
48316
60059
52483
61153
33300
49882
52680
33542
27736
36561
41628
58452
49554
73220
37602
39078
44809
58286
51922
39192
57393
41507
56352
39228
46136
51204
85362
95323
60475
52740
36672
56980
39680
32407
43696
38722
42935
35409
54580
42059
48539
42058
63271
64069
49378
79023
49685
113579
79199
130240
62830
58066
43855
55699
60976
61135
63789
39644
38367
100299
53405
42649
37010
37777
56575
120018
93643
82772
83490
73743
85432
89595
73478
140930
130172
86325
75794
53803
83279
63460
55636
67057
63841
72582
91195
56173
53861
77205
68225
71794
55069
50949
38879
71901
78996
53916
52921
89075
32339
27414
53909
136186
52475
63432
69131
52075
106354
59260
67308
55769
69775
42096
62809
40331
52161
38432
37202
31107
12363
27074
36495
21256
30705
43044
53666
49768
