56366
52916
37294
54025
59606
50241
72660
45775
60386
118115
126776
105362
127060
255620
124425
120654
72341
102225
87341
103464
105406
95060
94305
68492
89043
88486
80178
88776
85600
60098
40247
79662
159593
153523
84021
104729
110835
71538
86321
75524
49252
60385
56478
73082
43967
51690
56547
61476
74709
116307
89350
59490
110718
105443
65869
59357
53226
67810
54477
53626
55212
55746
54211
31905
55375
63812
112727
60407
94705
73080
111216
265370
168310
89600
77512
165999
116361
96308
85294
85733
128632
82434
139144
180935
73878
73212
74005
92739
106717
118102
94534
92949
99322
129957
95951
79726
88609
85158
66725
57415
87079
98272
103070
132081
84115
98041
110950
77186
91538
97739
80043
60407
53771
56133
84279
63339
54061
55438
85400
75165
94527
54448
61571
113135
76998
80363
79937
97869
96071
99750
96788
105632
95837
166344
121317
97477
66546
69395
86324
114640
106077
85445
55455
50571
52365
67977
41181
103705
100909
145171
69416
60276
89329
61815
54383
159825
217018
217652
237502
223282
236713
140358
234708
209259
151611
122191
173321
292225
172109
264947
211587
271571
320262
237090
436397
334899
247989
234856
194799
178156
145934
234308
288751
245659
288252
193661
124874
231783
251765
304926
196847
309794
163529
171064
159160
150191
207582
184012
185219
188942
157761
174686
165830
134323
221176
215366
355284
297144
210606
181306
151312
177682
224108
136015
144235
78125
90145
142555
332354
180437
177815
200643
195194
176929
172993
181459
128189
144259
130251
291171
119600
192396
125594
139393
168989
56635
91901
74504
102158
90303
186159
151737
137049
215495
412148
336715
403508
251382
269335
360347
146214
192211
252659
481068
397672
369024
