304517
350246
256020
202272
215259
361704
407373
437839
179763
211236
172146
183881
237485
216265
252025
452122
290927
226976
302387
256254
217504
158825
164653
224294
170311
274248
239940
297156
245629
351190
305945
250698
236612
297958
277777
186893
247673
262570
396508
341346
382806
300929
278288
393648
408143
371164
293320
164524
208716
291794
154474
242117
283924
454102
229665
337671
256949
184808
192281
331277
237032
172762
301122
239997
208989
258999
174614
372691
261517
439924
383994
279192
375435
329251
227147
272518
184442
252966
361273
466647
412099
204190
241852
216431
172312
207026
195683
199183
207681
190075
181829
192531
219265
164397
172932
253812
186749
153601
153089
144173
162892
175369
192776
483040
160846
294424
257842
273089
212036
301636
263538
264243
186872
136782
232464
209578
196926
205765
133068
227478
299222
218628
142143
156425
190618
183440
363706
262688
202193
236426
175940
145856
158896
92371
252007
207771
279438
159012
191766
153446
219473
272584
201395
497549
280649
206861
261654
419718
221338
326025
190107
331897
196257
444158
391083
485056
276290
267572
433996
381723
342517
262926
399942
344974
363181
298299
202470
310864
375661
427594
318270
292052
219158
169110
202992
273340
385958
296470
322943
377784
622030
205475
355857
270587
211768
266628
268033
311541
306728
147310
209531
158210
163083
245331
1629940
681423
488042
267420
791423
659013
282266
292842
185536
163902
161850
193882
231397
269066
690198
438854
456353
416261
303307
261018
200528
242438
305163
431684
199542
159562
304487
262298
195494
113319
172675
209898
144090
93997
187486
221456
186514
268067
137572
237000
333927
327418
226587
343447
248756
228135
378886
691363
205681
209483
268330
320870
374576
254763
211180
145243
331721
288082
243042
199780
172707
149741
