217896
135825
120286
146770
81111
97152
155690
165437
209567
170897
148601
255060
142615
144529
148328
127629
176658
234268
159893
128046
114288
253606
235776
177765
159379
151041
106246
120977
158319
121594
96318
134530
128508
117580
104713
187417
291298
214994
242154
165826
151252
292013
550964
677584
278760
212523
286692
223895
188416
243432
271689
230282
143595
379821
275114
464824
367572
448753
484694
347016
410701
335703
332226
590267
277266
297215
298703
375053
397365
244962
304163
374830
242256
280741
312011
241618
225408
376574
272403
360134
247602
279912
210570
217955
357024
335805
217119
165271
258796
238775
230408
312896
228593
215604
438714
264127
272915
260795
258747
236768
218494
203776
360529
390138
491396
513840
729885
279009
306434
281791
251531
285823
324655
345876
308184
402141
359061
291134
202691
188504
145886
330554
265056
807958
549558
551123
243344
200809
146969
216584
230012
66052
53003
61508
61767
60988
51620
69810
65996
51886
69667
46682
47638
57399
48007
51121
71180
65109
77103
96616
82625
91520
75900
60953
50798
46443
55991
59918
69995
45201
50743
53891
46161
53646
47762
54844
54690
66930
78942
65651
107021
108590
133419
205932
96024
126072
88584
66979
85331
54953
63297
88957
49110
51400
61766
41391
59487
49803
94932
50335
51779
46729
29770
57403
49415
46754
72892
51088
60612
48816
49693
64861
44283
41786
53325
68806
61363
119479
56805
42198
42919
12836
27410
30918
24854
40278
52773
78827
60152
103771
65761
40626
112684
50561
46688
72399
85700
66268
58352
59675
67254
148808
96965
116386
94656
70816
76707
70825
95344
84159
59517
187321
60223
84910
80086
52307
68318
81204
71315
71839
77029
48876
65921
63516
56387
72190
