56555
61269
65290
44092
50953
46206
43468
36043
70517
62564
53485
64428
189067
88389
50248
93749
88629
56270
42686
43603
49750
59164
36797
39471
45734
43676
35855
55885
47104
51839
46366
73157
42702
72200
137660
103988
71075
61573
61788
62360
43426
81938
59124
76863
59947
97459
105808
83957
59099
54467
47476
57170
59041
43893
58170
73016
105394
71860
87880
110398
73256
111697
72695
262186
101728
103561
99637
79860
62752
61952
42529
42653
48555
47426
57304
108566
102970
58197
58591
90480
332982
62065
83072
85386
97546
52380
60929
75752
67585
48108
42548
39073
40829
46852
80274
78302
56303
60269
50492
87606
40912
76676
49466
59083
72892
55492
39646
48156
30728
34741
33180
41525
54662
62418
55147
56480
50002
48955
23186
23018
26958
25944
19526
13518
26162
36236
23623
22248
17708
19070
26254
26170
29660
25715
37236
23221
27690
20883
32003
20055
22596
27054
17621
19786
115949
89648
54990
54050
30943
23847
30772
28930
20798
35478
35845
21446
28463
16731
24737
34508
59440
46436
31473
31393
66461
34579
26238
22740
25031
18523
14948
25320
36411
29613
30547
30378
21704
18404
18681
11276
12295
24275
32308
22824
25338
18462
14781
17146
21505
31473
25856
14560
31894
31216
18646
33132
26738
11114
12926
4143
8315
9414
10531
11966
22386
27821
35751
29928
14635
35106
27114
29466
16983
20175
20864
17211
26164
29670
15411
19963
19923
20132
40366
21553
20203
23334
41829
32641
26315
34714
30227
25745
25513
19646
21644
16309
23822
15358
18259
24595
47201
22326
17340
23802
14927
23764
38681
22994
27244
31959
18029
17922
19272
14681
17158
13646
