25633
17056
16207
17223
23457
25153
17345
23769
24821
22427
28759
28563
32775
16715
14713
21853
27459
22359
26655
23974
21558
14364
15740
16872
27654
29365
54775
41974
21739
26579
17202
19351
21924
44703
26877
29670
46915
23925
15134
34074
29384
47292
43601
76221
51930
32531
87554
44789
34622
21337
23276
27353
22682
30775
28055
37652
25079
22529
16660
22785
18555
21842
19247
19161
15766
17664
15921
17328
29590
11770
53631
38114
33138
37333
28304
31519
27702
14480
15445
20361
20659
23116
33446
17545
20314
24224
22475
25283
44720
32470
25367
88142
44165
32616
29869
18167
17194
24759
19629
29161
53739
34052
23411
19922
32456
26555
27633
31521
21680
23387
41912
30357
21866
36602
35888
17338
41213
45129
37459
37241
44629
73663
40992
51292
51760
81201
37328
26386
30396
46103
40258
22129
28464
45191
50250
39378
28955
54194
22731
36284
22150
37534
34674
50432
96216
31851
25585
45048
35559
25338
21289
23512
21864
44599
19457
20777
23264
18645
30879
20888
14363
21712
21965
19705
25728
27582
26983
25248
31670
10447
21304
22884
23326
23638
34876
38634
53445
35299
30142
17663
23472
24218
28864
25955
37162
19710
16461
17172
7956
31835
19188
12834
21233
27505
25761
32152
26151
19346
32760
29735
27998
43875
31302
19956
30533
33009
40211
38570
37323
35849
37404
37570
27212
23609
30489
37581
79239
49431
41213
30204
29598
27582
28393
22478
29249
30651
25351
45573
60061
43255
40300
26567
38014
26971
25868
19925
44820
47124
20980
23109
35400
27482
43665
31434
32116
32883
28872
27284
32206
115613
83620
51623
60048
31507
35968
25818
