31485
63025
50070
42849
30400
42190
46200
47934
89929
44723
26185
29504
20681
27415
24792
29438
40438
41552
37731
31082
50019
42614
74019
84354
73978
35248
22203
29133
39279
35864
24576
40302
72260
83387
50486
50425
51071
31048
23454
29666
42448
38771
51012
57259
64414
38872
41069
50726
47478
31331
30069
31287
64368
40485
36239
49130
42955
34224
47653
64143
50827
62457
33706
57594
59495
42226
35279
36079
34087
27651
23342
36132
20426
81598
57283
28921
27643
36622
33503
23884
43014
34666
44697
30072
38005
25162
31596
18166
24318
50936
46350
17890
17299
36709
38157
26327
61312
47233
47945
36137
39985
46207
52637
62464
65215
41404
46727
67762
70248
60087
35721
44533
131142
78739
67705
42118
82685
56857
50786
42574
35088
43951
85391
66451
50407
70093
69641
74465
96794
46960
55928
47218
55567
62474
70401
60190
77794
77611
165184
583057
322711
203041
168876
90911
132299
86335
105325
74356
73832
90182
77508
52175
60005
66555
68780
73196
50764
44225
101271
96575
117979
165234
148308
78420
80068
126328
113495
80513
100228
74341
102612
84829
96053
94802
82574
95506
51287
87696
84058
69174
45241
76005
88564
71809
110301
98338
87866
90981
107278
97884
153827
89001
90815
99761
115778
120310
95676
147652
272930
294789
377743
230849
124090
127839
110270
98963
92271
62362
83444
80755
88742
89474
98074
71174
68093
70690
73930
95358
57218
133005
120982
64430
75096
67711
56073
60710
56274
72446
61519
63293
41364
43589
50241
89062
53833
42136
47032
162126
65754
46276
62022
46021
87876
58174
79504
59472
126943
60145
54464
47870
79002
78317
84010
60231
43145
73743
