151657
189810
93199
86412
92363
63148
61134
56628
126702
94621
101955
119360
68068
60476
59053
59409
52778
56427
52587
64645
85943
79683
45349
71216
69687
47485
39558
36594
47646
52773
54976
65745
115177
73717
60617
42058
39229
45415
39644
34800
38406
53276
62073
54551
77719
57702
56125
128662
97409
85303
44773
52194
49449
67764
40650
47837
70910
52575
60511
62278
50308
67857
50116
150033
424210
111377
77960
54722
61848
70831
59629
92750
42822
50659
50870
57068
55423
43684
39835
40276
55824
41725
22686
23886
30200
23769
20653
16454
26025
39351
58989
38270
30900
27099
16437
28300
19710
25326
21230
27329
40030
21617
19731
21892
20830
28303
16273
23624
27250
32975
38445
26537
23034
21784
31109
21823
18398
18900
41739
29099
29118
43774
28304
42410
27690
25905
53168
59899
63686
40209
27714
18856
28695
30677
29221
31137
21754
23584
13997
16169
25369
29241
25234
20859
12577
36092
39998
31641
36585
32644
21490
19172
16558
13215
12592
10207
16706
12171
21645
27478
21698
15558
16410
8231
16677
10380
10601
9987
16503
25321
29400
21300
15275
16616
20193
22505
13702
17695
11829
13062
23070
21560
16019
24666
21628
17756
20134
17594
14705
16129
26013
17855
13541
16560
22027
42749
34841
18666
18145
16746
17617
11061
18037
14896
16923
15675
13806
15427
10449
16813
20495
14915
15881
18553
17682
10444
13534
17096
13481
18972
38508
14839
27362
18993
19945
16128
11390
9727
37832
30132
25884
46745
33783
22620
19765
17952
17285
46518
26707
27259
21617
21548
52673
34235
22908
24541
28777
30745
25770
29677
26188
41227
29440
54213
53744
26649
