21616
22932
30001
34900
36345
23351
38912
40724
47451
38104
44084
59117
26825
24494
31686
22492
39836
39872
36849
34060
19084
11269
15341
16823
18827
31483
29191
28542
22467
38578
25278
19747
23849
16289
26026
24713
27959
24181
32159
21213
16685
8813
12313
16817
15869
9271
21076
10128
32546
22982
24535
22924
27414
18262
15810
18178
21624
19959
20338
37401
18046
15741
16636
12336
14519
17888
10834
9368
12885
14412
8422
21641
22779
27530
24163
20138
26163
37619
49862
40010
58077
68960
31092
25961
46380
30002
29419
43910
51737
36440
43884
34114
30456
42666
37529
30927
37546
38804
36816
42554
70826
85187
57571
105444
43891
53718
45559
38880
30059
36424
38800
27553
33310
45996
38211
31699
49032
54629
73520
35706
66431
31352
33439
37784
136158
59542
40945
30431
31534
35822
32172
42968
41276
27563
48381
46409
51146
134491
73181
49855
53508
45135
37610
22762
22956
22244
19290
31719
33347
14697
14598
12296
3650
18327
13669
8653
10123
32789
21260
41218
142969
74691
57936
36246
36732
26115
27553
25268
34032
43123
46376
32963
42524
39428
34690
43860
27886
37591
44037
98794
47545
29149
35245
25428
36265
41465
61304
29399
24925
22624
16320
23017
21960
20879
19875
28396
27212
24184
140148
71064
56936
36189
31413
27893
25378
17755
15068
28252
20246
23333
25245
24137
22328
30766
17847
17104
19973
29490
29457
34128
26244
30799
72570
77137
50539
24596
36129
21695
34083
44547
24820
22959
22841
19693
32109
30922
47493
34372
42322
27085
40902
48849
132324
64826
44759
28726
25870
30762
31354
36420
74728
78020
54978
56725
31096
44300
