49477
35719
37796
29496
32591
68769
52133
39629
33226
33088
33897
35316
32457
36826
27590
31257
19154
39885
38117
38055
33386
28229
25383
34762
31985
61995
28922
42029
43883
116289
34537
26700
26700
18218
33531
48241
22473
28621
21520
27614
26091
34033
24091
16295
28847
24005
37075
31158
33803
43053
33011
22347
19724
23238
24554
20350
31595
142639
48577
39846
20902
26535
16592
16477
16787
25563
24334
28981
22969
15822
13183
25922
19558
17476
17284
14048
24923
22341
24385
14086
17765
18975
21649
27452
28152
22369
28256
28341
24641
20714
21014
17319
14349
16018
10157
12322
20740
14196
19854
11859
20587
21408
24286
16056
20800
13139
19677
29336
28510
27641
33567
31748
26441
30083
31621
25558
42051
27826
19364
14588
11293
10372
28037
16121
30533
31277
30837
16901
18183
12339
11517
18956
10200
21603
15750
19633
26255
18313
10452
9034
3891
10476
8149
5884
9496
34070
49860
18165
17408
19805
14447
14440
9103
15534
36607
12707
25938
22128
27524
18338
21051
21352
27359
22077
32818
14977
13147
28198
56759
27524
17644
12870
13596
22953
13588
19094
13948
18292
11475
17390
15442
16217
14462
9945
7431
9375
9117
14275
11111
11827
11280
13626
17659
17671
10769
13943
14541
32985
17860
9356
13282
11456
12338
16726
12314
10047
11468
5968
9185
10748
11676
10129
8523
7758
12326
17060
24496
11792
14565
11225
10446
10857
9019
14633
15444
28119
37515
16900
24160
17438
42161
33264
21069
14677
13142
10185
25738
20787
29946
28329
37459
28117
14982
20324
18740
23453
18131
19929
16023
14032
21049
19409
19565
27509
32491
20318
