22478
21013
13763
11737
16966
12384
12485
12877
13942
24904
12362
20185
22497
22482
14497
14393
13261
10641
7885
227179
154420
112664
89440
64811
56934
50138
48067
50649
43562
28871
68600
41164
50539
48415
52892
47885
39569
83225
50129
33128
26478
38703
19004
17994
13466
27229
27787
22434
36404
29294
29488
32320
28259
28659
25327
29343
26122
32024
18045
40376
38643
66624
36450
48478
42235
48764
37759
31473
30739
30693
48110
50309
30256
36081
47031
46463
38843
42087
68538
51675
51550
33093
35644
51685
33818
38869
33067
23050
28099
44436
36702
38761
29318
30744
37612
31217
26526
35202
31435
19604
24367
29049
27419
21147
33329
26350
24987
19389
24362
29461
19741
25796
36256
19577
19918
35142
37426
34804
29248
34300
29391
39747
34178
36032
34578
36072
23693
23262
20068
4774
15123
15871
13201
14776
23648
24644
28944
24121
41059
23525
30030
24852
18959
24430
29482
31878
40337
44501
38173
33630
32654
33195
31042
25009
22222
16966
27427
41427
26832
38438
40302
39119
28280
43222
30496
32964
32834
33234
48455
38200
28750
23756
26291
31978
31086
26784
25378
23272
17301
25015
24607
26910
30293
29488
26682
29521
37742
28943
39332
31910
45990
51312
47980
40220
38478
33315
34751
22277
39538
28355
29442
27233
20770
21119
97700
54182
28954
33566
29990
32035
37747
34666
38386
28775
78986
144875
59957
49890
45775
65833
72961
43651
41088
36335
45863
60580
70786
56451
50468
84135
65143
41360
47489
46440
65343
66649
63334
63840
106866
70823
64164
47341
54411
40795
31043
50087
45188
55991
37182
45346
43408
39843
41066
36884
55658
39271
