49999
49141
52324
27149
46830
46441
33130
27582
67409
41907
25464
52863
54851
51801
43180
102973
71174
292326
82266
55014
35365
51269
48502
42294
36967
44285
34137
46421
23802
35589
39832
39603
27329
26625
33017
34002
33961
54830
51485
48469
59594
37644
35779
41665
77991
59206
67720
31980
82528
89236
60786
66451
52137
175947
99643
100352
56526
54465
54904
58285
43937
34278
44472
54075
54638
54697
49935
86795
52315
69516
51423
47209
46369
42206
128140
67594
50661
44232
61861
63584
36959
49197
54574
57141
48619
47065
46410
36760
34703
44737
36884
50465
34637
30503
33090
41915
59600
32520
35088
21125
70462
51420
30117
46953
46527
77968
45468
55802
83869
43515
83787
41744
64521
55215
55956
34297
31147
32934
8459
22274
20542
18511
22218
33244
40878
32119
27615
26623
33250
54583
51048
27880
38019
28435
30654
56610
44735
40485
32505
59029
66399
45750
40890
42034
38317
47456
69207
28553
44333
37675
40424
34902
45378
46352
55754
41889
37500
55760
35167
33790
37681
50073
57974
43190
42120
37954
31114
22762
29168
33253
28260
27597
35294
46077
46734
56883
47760
30285
27486
41686
42266
39844
44891
47654
42124
41125
44085
37238
47273
28822
18647
27203
40737
37349
44266
23909
37493
43960
35618
49711
32029
53352
42011
141347
210792
245300
120354
111863
100408
82970
132822
141834
122721
87272
94588
81663
105503
63369
105178
111604
71871
89827
73386
127811
98266
448885
214957
135590
152607
84468
172054
457750
363962
186550
214774
163841
248199
175041
266044
189458
167945
150389
170373
147966
80593
89745
164451
127508
78125
82326
112605
157350
122406
116502
173851
79276
