115277
106186
94663
48148
40708
68241
64327
52562
59212
48083
62375
42875
86657
73358
109029
60527
46522
87888
58495
66999
45983
29128
27879
40728
71341
57702
13265
8215
7509
8823
9327
10609
8202
15448
15926
12323
7192
14516
26257
24135
15387
16270
23156
17127
16422
13605
12026
15798
12989
9433
9350
9397
13027
18141
17669
12495
13820
13145
17653
20956
17550
24766
20749
13811
16642
11518
16881
27488
17245
11225
14111
12359
18782
12746
10476
9453
10914
7176
11892
11044
11441
8128
7342
11380
10442
8600
10237
8910
8188
13841
12362
12094
10574
17446
16427
12446
20101
9229
14291
10717
8727
9152
8115
14049
16344
11091
10436
2348
5270
7082
8837
3842
10466
7308
11550
14009
11515
11078
8779
8090
6136
14266
13090
12169
14308
18070
17964
13711
17041
13487
23386
23203
14776
12234
14915
93379
34082
37431
37384
33756
34360
18840
28069
20392
18836
32879
33245
41409
23522
20382
21812
24439
20733
24889
26595
27488
24722
21768
21099
19180
21362
18320
16793
14601
23161
10729
10305
16253
12148
10944
18339
14875
13952
11531
13218
8662
15124
20380
12798
9876
11175
16844
13484
19119
10221
7803
11118
13102
16659
12697
15462
20005
11487
13961
14111
14247
13200
20161
21428
26228
17911
24657
17837
18321
23159
14425
14133
34466
26015
15432
24925
37524
21806
16929
14017
11239
12159
15098
15589
19297
20344
16719
10925
12131
16493
13825
16938
18492
12256
10086
16856
32470
33856
14841
18898
20605
27838
14926
18656
14853
20633
15170
8817
14671
16700
7788
23205
8356
10185
11142
23685
12002
12669
11250
10206
11110
