9809
24080
19416
15146
14850
12964
9076
13187
14004
13994
15884
10704
17547
18339
10420
12561
12994
10476
13154
13181
17533
11313
17045
16037
13356
7066
12153
8533
7599
6886
9160
17825
15690
11651
7139
6973
9049
9917
8097
7488
7863
10950
14506
12145
15526
11627
16046
13952
14838
14677
8783
24434
38461
15873
12164
13710
22456
28938
17159
17719
17422
18560
19880
10062
7376
8724
18018
10165
11401
8648
7789
7131
11651
7385
6906
7038
5374
4792
11421
11453
18098
8163
11224
7759
9719
9039
13147
12618
9622
7843
18173
11991
11825
8824
20267
16668
2738
5804
5688
8669
6227
12285
13526
8321
6887
6733
8175
19111
5999
9918
10829
10354
11831
33926
19693
12863
19689
18134
10841
18735
11124
9330
4988
10988
15520
11349
8728
7857
10642
7005
11613
7763
10725
17296
11561
8148
9052
9627
6911
6816
10893
14586
9678
14900
12020
10009
12143
35760
22360
10834
12405
21895
8945
20761
27082
45627
22681
26387
23715
13441
20306
14452
9577
10777
10047
12081
7243
9588
12975
13418
18770
9815
11513
12018
38745
24213
13084
8887
12214
12030
15350
8435
13466
10402
13975
24194
30372
18745
21162
16102
13978
11529
11586
13290
13672
14564
14636
17787
16342
12829
10857
9353
12776
10658
17898
10859
19385
14845
22991
15467
9171
10074
11869
15293
6615
5776
8054
8742
7912
8096
8419
12540
7698
9777
10709
16265
15237
15086
14377
14360
6081
5874
9134
11374
7106
10742
9359
11809
25678
14386
17196
13743
11496
9332
11562
11960
11764
13712
12061
12264
8413
9501
8152
13692
16326
14316
