10516
14413
12964
11387
17593
22681
21876
16995
13704
19221
36043
24764
24501
18871
17582
25265
16024
16162
19185
23721
22976
36863
63929
68672
48039
17423
17923
17313
15524
22275
30871
21452
22987
13781
20557
19496
22099
12481
9690
17516
37924
29879
18392
18280
19382
18955
35866
13777
18669
76010
242544
31045
28868
67557
42414
30877
41702
49378
18693
16391
27323
18953
20910
19553
15079
10338
37740
57818
22408
29627
29067
15516
19894
24774
19731
21357
93932
44976
23743
53052
44060
28484
22953
13371
7263
29640
13152
11704
10669
30063
45329
48970
80759
112494
50764
39590
24096
20171
51992
31313
20088
39363
24531
21372
36119
46202
29597
45619
34418
25671
17446
32358
32525
18534
26972
22971
39027
22863
22105
19597
20201
133822
37431
35944
20030
18958
17704
23326
17040
32861
16942
18760
12972
22209
16188
17609
15737
14902
16920
16010
16681
20021
16163
30048
19401
21366
42102
64540
29455
25331
26474
22966
32246
36807
27446
18444
15347
43868
35666
15750
20758
20648
21796
18059
20205
18521
19206
17198
15571
56661
44293
18011
27389
17773
21103
38143
27279
37184
20268
17380
36391
87822
87162
48263
53075
37975
16277
20805
43202
42683
30034
28499
39463
38008
26419
37894
32140
19252
31921
31859
72367
42363
52239
25360
29468
29521
36140
31173
63269
50089
36850
37603
45226
80414
30706
36174
26386
27726
18600
17812
17696
16300
19237
53891
89673
28352
34107
47128
84819
23398
22534
14875
28456
30042
18924
38990
44018
61009
57622
16419
19935
36983
30116
59868
147035
64614
32517
48619
6942
8793
6703
5869
4658
3963
11708
6762
