32525
18534
26972
22971
39027
22863
22105
19597
20201
133822
37431
35944
20030
18958
17704
23326
17040
32861
16942
18760
12972
22209
16188
17609
15737
14902
16920
16010
16681
20021
16163
30048
19401
21366
42102
64540
29455
25331
26474
22966
32246
36807
27446
18444
15347
43868
35666
15750
20758
20648
21796
18059
20205
18521
19206
17198
15571
56661
44293
18011
27389
17773
21103
38143
27279
37184
20268
17380
36391
87822
87162
48263
53075
37975
16277
20805
43202
42683
30034
28499
39463
38008
26419
37894
32140
19252
31921
31859
72367
42363
52239
25360
29468
29521
36140
31173
63269
50089
36850
37603
45226
80414
30706
36174
26386
27726
18600
17812
17696
16300
19237
53891
89673
28352
34107
47128
84819
23398
22534
14875
28456
30042
18924
38990
44018
61009
57622
16419
19935
36983
30116
59868
147035
64614
32517
48619
6942
8793
6703
5869
4658
3963
11708
6762
5367
5744
5798
5377
4298
3830
6107
2268
5721
6205
9010
7179
6292
4633
8568
6891
5157
4690
4787
5142
8459
7948
5937
3420
4494
2730
1017
2649
2647
2395
2688
3903
6117
5804
5250
4880
5690
5538
3787
3643
4018
4437
5949
8214
7001
5016
4106
8059
6418
49017
17484
9489
7857
8734
286454
64910
37667
37595
23295
22291
20034
36861
23263
23362
15748
13834
25810
38229
20245
25106
25537
12812
9957
19231
16502
19901
8345
10825
10928
13460
8752
13365
7399
13955
8827
9801
10469
12955
6230
9347
6920
11836
12794
8489
4706
6454
5247
5594
4082
8799
5669
3807
9329
12049
11680
5049
9119
7301
