5367
5744
5798
5377
4298
3830
6107
2268
5721
6205
9010
7179
6292
4633
8568
6891
5157
4690
4787
5142
8459
7948
5937
3420
4494
2730
1017
2649
2647
2395
2688
3903
6117
5804
5250
4880
5690
5538
3787
3643
4018
4437
5949
8214
7001
5016
4106
8059
6418
49017
17484
9489
7857
8734
286454
64910
37667
37595
23295
22291
20034
36861
23263
23362
15748
13834
25810
38229
20245
25106
25537
12812
9957
19231
16502
19901
8345
10825
10928
13460
8752
13365
7399
13955
8827
9801
10469
12955
6230
9347
6920
11836
12794
8489
4706
6454
5247
5594
4082
8799
5669
3807
9329
12049
11680
5049
9119
7301
7496
9595
9012
3361
4895
6780
7802
10753
41437
30511
14749
5513
5006
7472
17089
11073
14768
23289
41994
43145
14755
24679
12147
11506
5668
8180
9683
14841
13523
6898
9407
7327
7567
7472
6348
6600
4976
4035
5097
5249
4542
5267
8166
18373
12020
12544
9774
11600
9240
6566
10379
7770
37154
7204
12446
8582
7279
17170
4848
7947
12852
13196
7542
4143
8012
7839
10369
5373
9609
17437
7445
4725
15299
3176
11418
8557
12092
4574
10493
7125
6844
8298
28354
24769
27416
19778
48863
41191
25205
36799
26534
24871
19614
33051
25781
28136
31532
27017
26216
27140
26345
17039
22113
28440
29062
29645
17505
23289
23802
30216
26252
19549
18418
13388
17298
12554
11134
12823
17414
35296
33536
15945
28716
59674
26385
19642
34030
21986
26272
16878
15333
28405
22486
16473
15438
13781
27295
14730
19459
22997
14653
16374
16871
14622
7899
15966
23485
20016
