17880
21444
15687
17747
16796
14703
15014
17116
21274
17000
40885
36116
20052
16943
15713
9868
14250
10749
10838
8462
23524
28432
29258
29705
17328
38072
45146
25860
24509
21817
25942
18807
26396
31845
15490
22227
38467
23654
24388
22172
21380
24774
33450
25659
23447
26242
22490
23034
21377
20273
22764
18242
29157
14767
19917
20543
19083
13656
24261
24423
17327
23260
15260
21762
26811
23783
20561
17102
19559
13783
20127
40651
43929
22015
24351
21112
29083
22492
32800
18613
14581
18086
17268
20270
15896
20066
17615
12155
22024
21702
15941
26245
21921
16090
50054
28265
15533
15639
26553
32537
26873
27250
21041
21741
31598
36826
38198
28835
25056
23608
16323
15161
27972
20349
20271
39373
38671
20837
41888
30804
20380
20215
25447
28739
16105
25057
25875
23271
30086
21757
15546
18151
20437
16944
26167
17851
17366
17365
14462
14718
28399
14012
32449
18275
25360
16818
16778
15975
19651
10102
10907
20919
12109
16286
21215
21871
24067
20353
23970
21783
13286
18625
32013
21687
21789
17326
18792
16601
13394
15101
13565
22796
28560
30118
17734
11864
18596
20586
18646
20563
17005
12659
12625
14232
15835
14230
21776
14821
16234
13338
18232
13806
13034
14926
28818
33054
23618
19171
11631
14044
21603
26866
17867
17113
13102
20574
24110
15446
13839
12044
8321
14212
7972
6995
11633
12819
8480
15100
13957
10840
9907
12625
9329
17840
12288
19610
16172
14594
16335
12183
9964
12334
9188
18241
17387
11707
16226
11902
12205
14490
9379
6724
24193
15252
15591
17435
19960
15865
13831
11365
11495
15611
17058
18438
17071
16997
