13615
14049
13037
20793
4810
17591
10034
13178
10471
14833
13409
13589
17557
11998
13043
10888
11351
8987
10791
10342
13182
15792
18309
19722
16897
13331
11232
14618
10676
12947
12710
37419
22722
13815
13353
9313
7669
12584
10826
9777
10716
12636
9690
11451
9205
5940
11169
9103
6858
7153
6429
10036
7878
12495
7841
8277
15236
8572
9465
9770
11802
13183
9463
7295
9128
9191
13552
9587
7022
10090
10970
10995
20576
13252
9200
10071
6392
8507
7824
8939
15078
12808
13952
18738
13576
17233
12265
16037
10571
25883
18721
16237
18791
16515
25990
21293
22465
14502
15670
11330
15427
13896
14268
12614
23734
33612
15429
19658
16937
15697
10466
13494
20168
10233
16121
14760
12168
18368
16750
11459
13321
11324
8430
12149
13234
7744
11229
8537
9868
18549
7418
17342
12978
13709
9285
11042
12863
16782
9123
6501
10489
7327
7020
9202
13218
13209
12905
13197
11348
8763
9703
13418
8414
9638
14996
9512
18742
8982
11186
7801
16241
15746
11906
8994
6601
13233
14095
8364
29949
17640
31259
44696
27282
18638
19452
23992
24486
42721
29021
20406
28259
26542
20714
25419
27249
38325
46858
26708
28550
54492
36769
37213
22146
31269
36237
53955
44777
33347
50944
36092
46223
31900
22777
23393
32292
55329
66184
67988
62441
65228
69433
40273
41286
40639
48017
31220
24816
28129
24988
28622
39344
41486
38056
36003
44561
32466
37423
42535
32340
15664
15072
30136
25396
22684
28377
34244
48382
42905
51634
28194
28661
22864
25472
26451
69798
61668
23681
33632
19294
5900
14907
15959
20149
21281
32566
26981
