49962
80241
64140
87934
78394
42160
35007
45594
28948
44657
51461
38793
27462
38427
34801
25832
47147
42122
53600
41311
89685
84583
54320
53899
38715
28555
47342
22405
27448
25340
38472
26257
39343
35886
61066
31786
35920
25012
21018
23835
20043
25438
22509
39909
21382
30768
26444
21844
29991
19394
39119
19630
18260
28056
26158
60604
42782
30355
45293
32367
23958
15088
36307
27457
42661
24852
212656
143181
82612
81809
42787
55444
41370
77881
45131
56577
47153
45995
42822
63485
75151
71337
60882
152226
171953
67876
83179
99473
50934
62980
62565
52374
56426
66459
49200
57932
70368
73330
49347
53302
41276
43540
40777
65206
57174
92749
86794
51970
47468
34294
32199
23880
40756
41826
29748
42368
34506
38776
42187
22894
42578
72505
54302
30681
36400
31364
26280
19096
20952
30688
25442
21678
45205
25093
47399
38373
40457
39098
32769
49274
31858
93967
57875
42597
25695
27285
32541
50562
23413
34609
51301
28681
22758
29397
28066
19350
22448
14079
7211
11131
9248
7218
8618
16780
12886
11041
10122
11318
16163
13817
16706
28578
12211
14981
20870
14442
13457
16808
15142
18601
12469
14231
9151
13049
16415
20668
11717
13757
14206
13110
9104
10995
11090
16466
12142
8907
13520
11738
10370
15092
17745
23815
36540
21671
10628
10012
10047
13475
9041
9393
5783
4472
3487
3924
7219
9678
6469
6145
6873
5945
9406
7877
10287
8358
11915
15343
8221
5722
5068
6893
5820
6799
11763
12932
22228
10412
7578
8037
3211
12036
8644
6852
6858
13011
27087
12340
9953
14326
11324
8777
14934
6949
12795
10090
9512
14804
