15996
9017
6693
9592
17096
57242
35063
19571
13997
18005
22728
14991
19819
16484
14566
13727
16986
24475
23222
29412
20490
13922
12738
11901
10200
10595
14146
14892
24133
15409
14726
19429
15651
23275
25188
15254
13930
16529
12461
24582
20055
15440
13803
11664
14791
16089
10713
18496
11114
6621
8141
16049
7813
10368
16356
11629
14316
9592
11948
15103
15515
11687
12922
13754
12793
56537
24358
25060
20874
19895
19671
22805
18241
28228
21880
12166
21318
10718
10245
20996
14806
15848
19650
18749
10980
15097
12723
10434
13411
12574
9859
9937
20307
18400
17703
21575
12122
25281
27360
23104
23252
9174
8304
12565
12510
11244
13010
18872
10281
19532
16234
20049
8019
14137
17275
9101
7878
9401
12188
6829
4999
8141
5228
6775
5744
8413
20117
14273
11977
27119
25391
17482
11322
7113
9208
8234
10011
5657
10804
13860
8594
5508
6629
7017
6886
5976
122772
143630
113895
93403
132190
107199
97602
168632
114381
101849
65759
103372
100602
84380
90606
156055
151847
122325
175310
102671
121462
104553
144970
151607
105109
93450
150423
151683
122154
94664
125237
87419
119920
71075
64490
102746
153346
216496
145856
80456
83007
135531
140400
215701
179223
182617
137006
148703
120600
166594
136211
133925
98453
154836
202809
101151
85704
123124
106646
117539
72294
70820
60053
143748
116555
115096
199430
201823
93535
79216
88523
96703
81213
97439
108407
96872
81484
109024
54241
66790
52963
20699
53714
44391
35575
40306
68963
106421
83993
89826
79081
73968
126575
101372
82386
136304
95342
116439
169814
261725
175878
157099
129105
141504
142215
93625
112742
106586
129479
130249
