93726
106833
88802
99080
106925
109646
98499
68591
94126
74129
96963
64122
84564
64754
91384
99384
82220
88995
101374
78122
67666
77495
76383
94652
71256
58060
89422
55209
107292
91943
85920
75273
87161
68216
58654
55622
68830
60162
78570
78177
97950
104381
66141
77907
109411
140916
95252
183345
105278
80751
77426
128742
174744
111635
113014
95346
126154
140196
75725
105779
150377
225107
307886
167921
123443
98246
100819
274855
150676
188494
155971
195932
187432
103126
147581
134907
147446
124964
125263
162066
88585
136973
112572
115859
122748
117842
78071
84848
101148
115521
80132
92874
120735
98947
94540
96693
234306
88712
122584
89755
87473
69280
103085
121159
115120
82931
69820
86230
71580
98383
141790
73781
75895
95405
108752
153248
94977
101636
63998
71270
73417
95551
72903
159439
124608
80526
50885
85278
101601
86760
64533
71645
85615
94746
78784
19106
14767
23247
22965
24840
24293
26856
31970
18354
21342
13017
20425
15644
20134
23849
30109
17499
20552
27433
18850
14440
24405
18351
22841
11299
21074
21318
22455
17742
26956
20282
12686
16599
23147
11314
17254
19319
26979
27533
17019
17225
18620
22360
19962
16248
18698
29643
24919
22038
15980
18702
41960
17049
26759
17993
15328
19040
29953
26083
15668
19701
13752
6768
24152
17228
17861
17993
20840
15095
14779
15036
17616
24376
19258
16977
33733
36202
20561
24204
12611
8722
4207
11425
18247
20648
10208
27198
24302
31455
21737
15612
25592
19785
14783
12353
22606
24003
22720
36671
42210
14996
17558
26624
24743
20751
18613
31327
26580
50574
61650
32660
32168
23162
281235
135049
54802
36250
28832
26612
41076
28138
