22778
34089
32401
23944
24313
34270
28709
25602
12995
15198
22777
14596
16774
27064
14947
19509
12006
13632
20697
21963
27376
24425
26987
29211
24598
32733
31372
26255
36985
21981
16414
21664
20422
29771
35114
35632
65517
51390
71382
30786
32906
49929
42379
25506
35948
36731
33993
29543
34547
47373
61439
69081
38721
25444
35555
44918
41641
32253
51254
27328
34516
26858
17349
26988
27189
20238
23409
20781
21671
29007
29893
29210
31774
19504
20394
8052
11503
11867
9299
15604
9785
23755
21496
8429
15512
39006
13473
27205
18408
19731
18212
21104
21829
15626
12394
7776
16154
11512
15964
18372
15312
14858
16335
14372
18774
14091
29506
31366
34744
28697
20201
37032
17702
19908
30395
20333
43530
26695
17857
14293
17505
16627
19338
15804
5204
5927
8689
6983
8632
11217
11537
10060
5781
8172
4621
6081
5725
9961
5787
8256
6221
6167
15510
9015
8698
39022
16205
11592
8626
15280
9944
13803
11320
11861
9279
7777
6061
7460
7464
6634
11636
9082
7396
13629
13778
11664
9294
8408
5570
9155
10667
5408
5508
5908
5303
11911
8227
4322
8936
4765
6552
5580
7718
3668
2888
6571
3215
6651
6791
4275
7151
7358
8975
17701
7279
5996
2826
6206
3451
4668
5765
5814
5978
4202
5141
1434
3647
1538
2769
2720
4082
12246
10742
4244
4618
4403
4534
3620
3751
6972
5916
6821
5600
6610
5096
5420
6616
3991
4222
2842
3646
3221
6892
8207
6661
4862
3289
5280
4811
7374
3284
8921
4900
2756
4440
4940
6866
5839
7042
16968
9430
7420
5360
4953
5632
6336
