3335
2565
3052
5160
6721
3092
5510
5184
3459
4370
3679
3079
2937
3436
2974
2880
4031
2814
3891
3472
2325
2197
2253
3949
3489
5066
3308
2362
2491
4539
2293
2286
3266
3530
3986
4430
3730
3076
4679
6754
5693
5543
5181
3208
3160
5357
6056
3696
4443
9256
6509
5168
21695
8989
9779
9980
8157
10574
6723
6988
6298
7073
6275
13648
8662
4676
6811
5966
4591
5904
5591
5343
6539
6560
6449
4178
7288
5602
7433
4476
6111
6908
7630
5569
6376
6092
5946
9325
6368
3949
6190
5312
9856
11258
6927
6334
8641
8019
5254
6055
7702
6769
4988
4606
6721
6859
3906
5391
6240
4671
3954
3695
3696
55298
61579
82480
39559
177918
114569
92980
82425
38358
54664
57115
58958
38471
58804
43926
65843
51085
46767
65329
30761
38982
46094
53519
36385
49254
72677
59395
66059
60429
30829
62444
36595
31905
25912
39744
30249
46462
56867
74328
38417
81910
81154
63752
58566
74286
70448
69099
49159
32125
44446
47368
35462
33233
35467
57049
39458
43775
31833
46971
32552
32881
30214
32813
54346
63600
59807
39977
54517
49507
46589
39003
57555
73980
48308
73655
78046
58254
89223
36557
36699
30628
10039
20721
21639
24609
21900
61870
88727
88380
143807
71474
56276
52738
49504
30003
50672
54280
53740
54019
47453
34899
45521
147600
88656
87261
59295
78627
54805
74913
96761
47246
82508
42371
43957
51785
42686
41161
43917
73710
60340
64844
34003
50431
44159
52656
43831
42893
77186
85064
50772
76558
106165
72931
53027
77090
74955
60042
74357
177224
90148
49863
76999
54311
