49336
90641
43812
58848
44120
93264
51948
67171
37430
33457
36661
50792
34966
29436
80753
42030
47608
120377
90888
51981
40249
60548
56994
52033
56010
54077
62307
55091
137715
89273
88418
65518
63315
39536
79545
48149
88828
99743
109041
108826
61582
69031
73860
74445
57755
63184
45881
37757
82287
59185
71926
77294
56828
84625
60000
64007
44522
36372
62166
41095
41881
60985
77825
133257
55172
92128
71023
64658
35630
54442
47850
44893
31450
22995
62082
38224
80691
70163
50314
50690
44594
75744
50297
58364
56870
55406
44602
60321
54307
37787
38611
43188
44987
29077
41272
52308
38476
36677
30423
43038
42015
38659
2365971
3166397
2388167
2038459
1765370
1880609
1597104
3347383
2290782
1765553
1735670
1557536
1753197
1397747
1623716
1584500
1939505
2129077
1605503
1279638
1586506
1984804
2214140
1616038
1292402
1249645
1861204
2478244
2263029
1546344
1959275
1531920
1375673
875033
1399723
1503888
2298137
2122701
3368144
1558760
1693536
2193439
2350153
1819055
3763829
2709720
2132623
1567901
1522976
1708085
1957209
1846736
1537994
1251253
1541827
1109120
1797896
1589230
1283297
1382948
1180769
974501
967126
1299734
1432166
1302130
6517158
12267912
2910290
3122967
1994677
2549461
1949583
1285860
1901930
1663729
2689072
2028715
1536873
1040610
1021160
366117
1025732
830894
868978
943225
1808451
2095212
2052578
3208683
2201046
1689915
2234867
1926098
1429361
1952843
1816164
2887410
5512854
3696207
2623515
2123806
2587161
2328779
1751398
1595032
1715861
1308615
2525586
2976832
2082072
2515220
1757417
1410862
1628192
2054932
2615418
2421402
2161803
1737731
2104783
1915715
2873250
3436694
1709310
1830485
1549501
1577464
1724689
1277050
1677794
2229321
1450980
1714566
1203882
1074117
1344638
1239867
1782187
1136677
1312613
2708243
3153046
2209706
1525396
1443729
1142808
956072
1079892
1603165
2335222
1643054
1354805
1283189
