1136877
2466246
2400999
5890919
3588279
2005446
2021599
2194723
1454283
1608729
2594390
1952879
1772962
2315361
1507470
1832422
1950232
4650914
3881182
2684768
1882024
1793592
1352655
2129068
1819679
2160636
2607140
3012640
2664684
1704133
2639197
2259329
1634907
1607784
1261853
1271144
1242290
1484157
1589590
1676488
1508448
1240564
1151142
1205045
1298149
1109266
1271363
1057216
1091145
1082356
1329207
1679011
1752694
1107270
2020006
1389779
2567872
1409885
1201540
1500209
1322973
865843
921462
1307206
1156455
1772375
4384304
3147521
1801526
2032451
1857608
1339796
1592009
1768958
1101335
1248623
1302235
1302160
967766
1318658
1109278
1350882
1214429
1312860
1829404
1468527
1079237
997992
1320475
1533447
1645067
24672
23555
27671
26401
27792
19066
26085
31803
31884
28975
30729
32064
30048
46499
28994
44105
53343
101015
44970
26094
26348
55023
37839
32614
23674
28792
62956
43474
39265
35241
32863
23097
33110
23282
28485
33996
71036
153256
80090
39639
57631
41340
36906
36328
27186
41821
36270
30379
27196
41125
56909
30800
109767
53688
46887
30120
42295
50199
57329
44493
34326
40334
19617
40351
39648
39000
59243
60399
38705
54580
40370
88073
97290
53966
39382
57549
36376
62665
47586
31991
20713
6911
18665
30603
14594
16445
62289
32556
28404
34108
28089
29545
51243
43087
61813
44736
57938
47453
42983
40475
34754
30046
44718
64958
33165
35952
29390
36612
59340
45567
28555
31997
34161
47010
39025
34083
44992
29195
39067
42195
38660
26910
44239
43447
50598
39681
40167
37467
37261
22349
22567
32924
36504
37174
31166
25710
24685
23903
43222
44018
35449
25698
32702
31516
24071
21797
29617
32716
29193
21995
42951
21919
35821
39110
67015
66295
46946
39998
34088
38188
68947
501994
258846
209332
146506
