134623
78974
83003
66206
170831
132860
185123
141299
58859
74753
103702
74684
68130
107546
126740
112188
118183
161975
111330
89142
69571
49266
60732
68608
52598
50472
54633
54222
64064
70426
50984
41319
44760
63215
62862
51051
76540
41115
48327
50266
59806
78474
40416
58715
49827
60817
43474
41575
40753
53284
49848
35841
60625
56576
101866
73940
32265
44531
45535
75847
63604
50616
30481
34096
40963
29545
33253
25319
33480
38033
22478
29857
66025
58066
47384
30487
23774
25347
30028
39613
36816
33723
41393
57998
45697
28558
31452
43913
21617
24560
19850
31160
25811
23105
23061
26385
43334
47092
54156
46778
49263
59437
86616
46245
32634
32378
33510
34516
29847
23558
25985
20004
38180
27453
45661
51882
58750
49361
53455
27888
24642
29500
50156
38930
34962
42755
33906
39639
25844
28020
30347
22515
20969
26343
17708
15256
23064
23503
23190
15907
13272
15407
34737
55546
25494
31474
32182
31297
31511
19062
25320
30109
20384
17773
27177
19755
34031
16982
30089
13071
9278
11821
15529
12796
12866
29714
44065
43769
142291
47135
28470
28890
39228
26623
34348
22659
29899
34343
34381
23385
31319
27831
32699
31353
24557
28469
29431
25284
29709
19962
22267
17416
37418
27212
44311
33688
19156
26060
20588
21300
22356
24260
17571
23570
28684
25571
17258
24732
26024
24794
28447
37515
42481
37440
26318
18556
47164
44441
32726
23090
20750
18462
22234
20840
21902
22800
20183
27261
37544
49962
98768
64273
35220
33004
27459
34705
39582
24796
36201
29278
40024
40332
52378
47272
34652
24138
47209
22043
33966
34543
52553
69043
53546
37482
34626
32808
