34962
28200
41721
39824
50693
52365
33599
29666
38350
24210
26268
24015
28074
24384
30711
34508
50147
28959
27772
20518
22019
26855
33485
145583
83129
46327
56874
57234
99849
46018
23247
45072
42943
62727
37710
36618
30118
38688
25345
24668
33100
49558
36106
38004
24368
49992
34576
31794
30589
22575
53117
29996
41444
25124
30581
22456
32433
22471
24400
34000
44358
34662
21617
18378
20945
24286
44959
31474
89082
96901
73940
59147
84523
83959
110933
113033
72603
58085
51290
64539
64017
58332
60652
88227
104189
74238
87829
50558
47908
59317
71985
71943
55522
55539
86448
136450
135944
83308
100826
48632
70946
60166
55921
68170
77136
76596
108968
172098
118944
103579
101808
94125
97247
93505
88387
76242
42151
65290
46460
49493
44976
53429
77210
40970
75254
50383
49022
50790
38961
29115
33500
46907
85669
72077
70622
109361
64179
52854
36297
44688
40061
39741
62057
67023
50283
89578
38328
27073
33121
14528
25406
20953
28319
23448
45507
70233
78239
99823
59491
40741
84157
50303
57841
79699
62110
63850
180263
164342
113044
105373
126243
118054
74898
66977
85511
70982
92224
81909
57853
62552
46743
44559
62183
52041
48711
36544
46844
72216
60836
66119
56000
56438
77181
48713
66572
61312
65008
42451
48909
87182
105770
83323
62498
83464
81756
85938
73863
40843
45678
50572
56519
60494
44439
48401
51357
43477
48370
50432
55664
61365
45640
41770
66339
61193
50900
131041
75957
62537
77615
116642
64553
76568
91646
72519
49309
60801
61069
76231
59038
116301
123753
75627
92147
81325
70725
94856
77649
94865
83385
120604
91774
62732
91260
60218
56829
59251
