57067
63258
43323
74011
68078
118408
80009
80845
54913
54980
61016
46796
71227
81227
55872
59309
61509
70262
75807
38966
110549
148214
134062
62143
66219
89724
56702
51616
39840
59506
58543
65191
70057
56906
67294
107287
212119
78031
65207
76714
57297
83579
79270
70556
55706
52337
48605
76067
32612
43238
58086
66684
47940
38067
74363
50423
58259
45468
65753
80634
54103
45192
59297
70812
86583
93340
110136
60582
69683
57706
105287
85760
249857
103665
97214
74344
76334
57242
59405
48526
39004
26058
25137
51754
60797
38081
32450
54344
36642
43356
35969
46844
38645
79064
53172
51643
32611
62604
58915
55839
39055
50984
65161
51778
80543
38311
50137
51966
45678
56161
42176
50014
53281
40720
69077
62137
55793
85465
40522
30369
67910
49203
51766
68870
50469
33961
45146
49214
42821
59262
89433
437550
118614
95525
153801
79389
46684
57111
20790
44658
41106
25680
37647
64343
69800
41945
87619
141788
95714
67733
44002
40476
58064
49749
52951
68254
95991
55952
69539
83804
83002
90771
56313
53789
44437
63870
72978
46023
55542
64406
53875
51957
46225
57943
47064
44691
55853
61509
58816
61263
51129
52622
63368
51291
95854
117276
68309
56423
42746
59968
75162
61548
48422
55205
66186
141726
82337
77590
75294
306433
106699
68761
69911
55813
73143
50649
75863
88163
97569
65284
60626
58459
66280
56504
75079
72113
45249
55179
76528
124121
66204
75975
56844
45893
75814
89289
101542
126217
136740
141295
68241
91972
47956
48847
62246
60542
46911
52880
68764
63531
48787
83216
75864
80141
63631
64939
149952
63894
82791
85396
84498
63965
50636
62516
83613
293001
