96050
83999
73469
77378
58954
60836
86869
132068
72754
68314
56663
83388
59014
92617
106588
65399
62468
52271
73614
68901
52103
85640
46156
60404
69961
61537
58268
57577
79031
58881
68677
73506
71799
56349
57200
61574
53358
40355
62988
68363
55552
36912
42168
62292
40820
49587
10229
11512
21095
12723
10243
14241
17274
16996
15551
10418
9047
7811
10287
8658
6909
12022
9082
7147
10987
6318
6232
7574
8744
5999
4991
6177
8141
8495
6563
8768
6275
6491
6465
5321
5918
6688
10474
10559
12299
8291
9598
16804
31428
11142
11142
10544
9644
8162
8279
6186
7606
6023
4718
7143
5404
6159
5039
7751
9399
7686
13398
5635
3830
11490
8943
6816
6964
7177
6870
10052
9702
9578
7115
7880
18761
11672
7532
64485
20423
8695
6554
1925
5081
5138
4997
11547
13717
10935
7917
12870
8893
10574
7574
21721
10289
10413
8761
9747
7309
12108
8644
3693
5713
6445
20267
8675
5079
7212
13341
14122
9322
6946
2970
8616
7755
7554
9440
5232
5345
4261
6119
6978
7232
7232
8019
8228
8417
5507
8057
4168
9237
4797
7040
9668
4348
3873
7635
3637
7383
3773
3766
5588
10076
9237
5458
4038
5176
13612
6361
4339
4801
3893
3983
4044
4233
5540
4370
9398
6464
7395
14943
15920
16560
11334
9473
11689
10260
13909
6383
8607
7188
11301
14184
14638
11075
8939
7277
7269
9700
6780
7573
12311
13427
9690
11633
10158
6063
6719
5864
7991
7637
6182
7277
15243
8892
8265
7095
8755
7390
7307
4950
7966
6888
7618
6633
4179
12736
5761
5118
5206
