19867
9985
13408
4370
15722
12570
11760
8093
5474
11791
16869
15218
9342
6144
9052
27097
7446
37908
12940
6653
7107
9415
6635
7069
13920
17204
14597
9375
12591
11923
27310
16065
14053
12877
15786
8720
10601
9285
9488
7977
13521
9126
5144
6331
5158
3187
10510
9637
6041
4091
3315
5871
16852
5722
4733
7349
13360
8140
29064
15472
10364
15288
14941
21284
2324
4875
28325
8950
8821
7840
10401
9654
12909
6176
5808
6696
4313
7990
8599
9771
10834
12946
6191
4830
7529
16543
8875
10813
6902
12873
42058
9966
10301
7649
7098
6704
6629
11438
8455
5514
15570
7901
8181
5643
5277
6669
6399
8031
5048
2279
4935
3993
2830
5823
6279
2603
24016
21571
17447
15361
24331
20015
25987
26900
24242
21485
11529
18340
16682
14560
15537
11819
10261
16783
14007
14418
11702
10138
10465
10099
10019
15562
17464
32364
18519
20649
14583
21102
12119
13857
10868
6785
14849
16020
17527
15860
13332
23438
22726
16700
19717
25820
18051
26309
28630
26299
16887
18786
19891
17127
11237
15085
14354
15908
16406
16494
23211
17398
9662
6155
12117
13321
14192
19692
20347
10486
10145
11305
10753
10428
11859
9122
13103
18107
34953
16013
16466
16167
3992
6748
6602
5724
8390
17931
11221
12079
22668
11849
15355
14127
13929
20998
13823
16922
13820
12035
15351
8639
7454
11799
15776
10902
8062
13885
14586
14703
19130
12846
11858
12493
18324
17265
13842
12826
11559
16186
9496
15602
18881
14943
13570
16804
13542
10556
16675
16013
10616
10796
12668
10884
9082
7015
