11221
12079
22668
11849
15355
14127
13929
20998
13823
16922
13820
12035
15351
8639
7454
11799
15776
10902
8062
13885
14586
14703
19130
12846
11858
12493
18324
17265
13842
12826
11559
16186
9496
15602
18881
14943
13570
16804
13542
10556
16675
16013
10616
10796
12668
10884
9082
7015
8494
8422
6913
13707
14331
8723
14888
9346
9995
8642
10993
9107
9081
11687
10515
11660
7710
7689
6397
9055
12714
15422
24402
17217
14850
17642
25435
16225
15106
15308
16820
27950
21317
18316
13823
15125
27717
26631
16111
15057
13318
14825
19933
14390
20879
22287
22929
22764
10347
19469
14509
14890
15127
12655
12452
9917
17051
15431
26383
16730
14212
14679
16579
13767
13346
13179
19379
16823
15074
21717
15510
26324
11508
22131
20271
22832
14872
14900
21139
17911
10123
12451
12527
13751
9550
12210
7656
17345
18766
23604
27719
19182
17366
22360
20890
21155
22557
13116
12261
13711
12146
6615
12517
17451
10418
6684
6885
10487
10138
12136
19169
12655
14882
15978
9705
10124
9213
14781
11646
15483
10822
16030
12722
13285
10634
14407
21967
15006
17871
8089
10558
14234
16013
20742
10187
9748
17721
18462
17395
11774
12544
7824
12744
13503
7491
9653
11537
16426
20389
17276
20626
16114
16893
13478
25889
45089
25059
13532
9168
11001
11358
9281
11859
14108
18841
11894
7662
9273
8145
6529
9016
5539
7627
19638
16108
9444
9857
15719
9189
9878
7622
14800
10760
16746
16423
16113
16317
14562
22603
11317
9558
4326
7400
9314
7351
6145
12488
10921
8235
10164
12307
10842
19659
11798
5772
11100
11309
7187
