13265
15614
12570
11928
17873
20280
19310
11787
10113
9528
16764
20942
12709
14671
9632
7875
12727
13041
11582
11498
14881
8153
11968
12247
14507
10485
8865
11476
10534
12571
15267
11518
11572
14888
10293
6403
7707
8997
12655
10562
14535
10555
9277
12892
12940
14389
8466
11064
8483
13261
9755
8371
11730
9506
8371
12707
20701
13951
10529
13804
9793
13479
15293
16605
12523
12471
13126
16042
14212
11065
6530
12311
11241
30118
31060
16206
15635
18951
12473
17197
19057
21689
15350
31388
29530
23485
25271
18151
18673
15925
15640
10536
18805
25463
29110
25641
19256
16323
16271
14440
16943
12871
12903
15702
19560
18885
12920
23083
26298
11032
16322
19774
18523
12023
11951
17255
15399
11478
8406
16317
9784
11453
12944
8168
13871
15556
18442
10888
14087
12682
11598
19629
17359
16088
14264
9940
8182
10483
12485
14672
14106
11536
10701
8872
9236
10508
9686
4591
3185
2523
5851
2506
3960
3189
7318
16528
8234
3764
6652
6518
5479
9518
7598
4627
6373
28339
8430
5626
4326
4972
3352
3747
3693
4080
5576
5013
5065
2826
2017
3472
2511
2110
3100
3293
5164
6322
4054
2739
2406
2932
2975
3208
2904
2153
2725
2059
2990
3144
2285
1999
2300
1902
1359
1731
1725
3009
1903
4267
4480
1846
4433
4596
4439
3358
4437
7738
9360
4236
2858
3828
5061
3474
3026
3384
4923
2386
2626
3796
780
2134
2838
2784
2293
3117
4021
3994
2140
2163
2236
2590
2810
1746
3180
2436
2215
2574
2341
1819
1638
2312
1895
3083
1746
2110
1696
2288
