2464
3448
2938
1678
2960
3460
2788
1986
1506
1974
1231
1682
2703
3213
4219
3446
3548
3063
2718
2802
2186
4473
3495
2767
4808
2260
2211
2965
3208
5681
2152
1660
1866
1921
2346
3045
3311
3768
1992
3345
2567
1885
1523
2277
2128
966
2498
2887
3342
1992
2493
1844
1853
1395
1523
2335
2721
2648
3154
2667
5155
4688
6423
5034
4969
2430
3558
2648
3238
2430
3700
2383
4172
3769
2285
4005
5402
3844
4864
3110
4088
2821
4661
3595
5353
5868
4752
3804
3637
3245
3055
3045
3608
2621
4091
3879
4438
10895
3679
5177
3241
5095
4379
4223
4018
5650
3573
2913
3171
2676
2770
3162
1430
7284
3944
2705
2287
4134
2819
1991
2855
3781
2978
1437
2761
4075
4521
2181
3221
4206
4006
2291
2403
4292
2721
2221
50370
33722
37947
25650
26144
21942
218370
176363
120169
78755
69052
105479
101284
117939
75873
77898
82534
123036
228218
129147
60294
78164
54329
69051
51397
62276
59381
69751
51689
44394
60926
47242
68384
41274
34776
48004
49210
79744
55135
47264
44032
51972
41036
44771
53146
56588
56987
57927
66746
47366
45973
43762
59016
42751
55948
52348
75122
74285
46145
56063
33323
34486
22531
54855
52459
36362
44613
60153
42305
38217
46995
38131
45148
49526
58631
59296
47278
59504
35104
44081
32259
11716
18867
21881
21458
15418
58883
106633
103158
56088
48759
60262
55332
39618
49905
66276
35925
48400
82822
73137
69324
141792
97081
53585
73832
54068
55425
41275
76034
85975
45497
60757
58947
52865
48142
48922
36993
41244
65604
97637
