71704
61167
43550
36250
55995
54559
51883
62252
55692
36839
49158
62222
29746
46929
59391
44540
44429
79375
101194
75022
69747
57391
75525
58148
56645
51282
68406
70757
49684
42022
57433
39897
34539
19558
47734
47281
32057
70960
50427
93083
59495
59387
84575
41437
85372
86294
120325
116298
79572
95222
95783
105102
104886
89902
79018
61352
66654
66184
60849
68576
72711
127266
96786
57594
90180
65533
104458
142152
134491
181573
109020
91936
59231
87212
77451
101281
68187
51164
40096
53661
50228
67019
55196
72041
43372
43745
75279
31646
67773
71424
79078
53328
81725
61829
39405
33328
39206
54109
39327
46709
66381
73062
66699
73838
65024
52224
37089
38508
27734
36134
38299
47322
270591
191582
92752
79355
51120
72299
75214
51538
53374
30594
53653
45185
50479
15682
30577
70399
35905
21667
15236
15354
16260
14991
16762
11727
17896
12248
15520
9381
12841
11095
10392
8855
11742
16187
10465
14745
16341
13293
20754
25356
32236
18117
14861
18024
15129
19572
12988
9728
13496
17711
19998
16420
16394
16189
18245
19845
9034
12869
7674
13323
14503
10569
18490
14475
11267
7629
9863
13226
12917
11099
12759
16454
24067
23318
15206
9284
28964
20247
25431
27044
114303
36508
31019
19365
23570
20430
19520
23870
17534
14933
23768
16296
16285
11128
2645
10013
18251
10466
10462
19413
13816
16760
21001
15256
11467
26792
22647
15419
17959
13589
25657
18575
18383
10643
11580
13775
7845
12916
7881
10169
7504
19890
12252
7454
7463
14407
6817
9644
7875
10489
7683
7736
8549
14490
10487
25414
25275
17034
27012
44399
24243
18720
13705
13781
