12558
13278
7995
9925
14369
15724
8973
10329
13773
11315
9311
8539
10965
12061
7229
12069
13180
13282
17263
34493
18080
17784
16328
16903
24857
11790
18301
17625
14013
14218
13496
12162
11941
11898
16810
14045
13519
16743
20150
16465
39879
27086
16077
15323
12113
12892
11325
14505
10007
14684
16017
19624
15417
21846
18212
46250
25456
21090
18322
16882
17351
21917
19898
17250
13732
13284
15577
18087
13426
15290
36139
18679
61651
27450
23276
34442
23417
32917
21983
16974
16383
13831
19928
20278
12416
9859
12788
8511
12284
13004
8764
8646
11568
9565
12185
7656
10207
11541
18267
15840
11948
12885
12801
27372
15127
11471
25845
16038
13443
12069
12701
13363
15741
19310
22433
16928
19655
19204
24768
19524
26879
31443
20617
23720
42762
28614
25386
19293
22948
20461
24814
32036
37948
24821
18293
13408
16821
21211
14077
44619
34635
32494
24534
20896
19700
13833
18722
15600
15922
13822
32498
32620
35097
23107
57922
60373
36529
111170
48061
47351
33961
67920
86368
48017
46646
38942
28068
53048
42856
25937
30735
28290
24375
31187
14826
14761
34604
22966
26297
24367
28828
24715
28313
29432
21827
25815
27153
30727
48151
39771
63826
36360
41758
33449
6308
21868
20199
18609
16803
24696
48993
55557
36598
29964
18132
32428
21313
17709
29972
29415
26340
47311
31677
22652
23466
29637
33146
31278
24823
21784
21556
27995
36386
28523
29649
25642
28241
29542
32740
24977
25934
30569
21703
29106
52879
28261
28470
25679
25307
19904
13778
15265
30648
21952
22485
18656
14696
14073
32381
19827
25119
50252
21642
12324
18091
24081
