13471
18006
20300
16204
15646
11421
14225
18690
23953
27159
23973
41660
43285
27953
41980
30760
35331
43251
43240
25195
22908
37614
24211
35559
33488
20578
22888
25410
43933
47042
32453
28775
23750
16715
40299
22570
24102
25330
38995
50468
38552
27390
37736
35155
46101
36823
30337
30644
39688
28797
40416
29067
29314
59299
30869
30959
19931
27538
57776
26242
24609
18054
18798
86811
17591
27571
37654
40490
92475
26856
28833
26973
19490
21780
17660
24190
31748
28530
46704
64901
39251
72354
76942
55578
70508
36531
51133
26736
32533
27306
19596
21180
13821
18790
23130
20153
17257
19585
23259
23684
78552
51340
51241
53892
44874
37250
944440
339124
313429
169902
174146
319177
308967
266658
124714
102916
157251
150066
199478
114263
67517
92404
104270
86636
74460
100547
113886
71802
66667
72805
64461
50181
87824
38955
29742
60340
56462
103058
62354
86822
70009
73356
40762
51918
50173
81316
91696
48736
44030
29220
56412
35872
51466
42692
57800
52807
35827
116511
41512
40921
38329
26949
21084
52927
48422
43519
53314
67308
41720
38593
52064
38426
34437
55087
33339
34158
65843
52346
40760
71158
31071
5123
22126
20646
24196
15830
31919
49946
53692
45545
38730
44292
38694
34828
35693
40222
34695
42912
81156
99511
53485
103355
76455
59763
83303
37236
46034
41442
86142
102397
58357
97281
67655
38270
42516
61940
37332
41270
77284
48228
48119
58559
35474
27403
40549
48241
41911
60632
76274
18498
60422
55383
33407
45890
71484
52789
48204
37239
56867
41532
51355
33947
33629
43968
43479
45436
47660
42276
24420
34182
32190
44071
29259
17560
33436
25926
