147657
113037
199835
161491
123453
104410
89605
81051
112311
87962
62774
86733
104621
124849
101372
122340
107286
93423
128954
80558
56857
126317
205045
116181
119182
114988
222147
162089
168556
164785
147052
131835
135764
113442
104685
75121
73387
80370
114792
74397
128974
85039
128072
137145
89032
71262
67794
57463
60273
78986
155767
100310
127449
134682
102144
96244
83516
69075
113120
59131
114906
76539
70120
104834
66825
53484
53595
15717
44232
41456
46447
37687
61276
71892
72532
110519
71444
93649
89326
58723
59434
107845
91101
174668
133301
121682
68314
71303
77283
80467
82993
69791
75424
70102
103744
149371
76720
73599
84918
52853
77787
50802
43226
47014
122935
76547
74369
71513
65166
53897
46981
67552
54060
44312
71882
61320
64498
66231
56675
56412
55030
62830
64947
59212
77947
42987
60077
76403
63112
59181
43425
39084
71441
52218
46752
46640
58871
61274
44302
64696
51117
137329
84315
133650
86080
110371
102984
103880
94370
82079
94389
62205
60809
76494
50176
89785
104965
141357
181730
84314
154113
106380
141427
131361
81545
116291
129071
130431
202872
86018
169893
111137
98773
109469
108733
82400
76250
291618
172835
335381
336048
186931
84528
108084
85293
73530
58207
83836
93019
87509
69908
101437
123972
63208
120511
114762
113266
71520
83030
155101
96909
54005
47368
107187
73252
80622
106372
86720
129377
103297
93903
106133
68845
72464
123224
65717
63814
64995
66417
51948
37932
76665
45189
64959
89939
66889
55824
43755
77009
62915
67104
10099
10060
6201
9553
9515
8221
6593
12376
12500
17004
7706
10127
6018
10088
6893
7768
8832
12302
8002
7152
3032
