10060
6201
9553
9515
8221
6593
12376
12500
17004
7706
10127
6018
10088
6893
7768
8832
12302
8002
7152
3032
6034
7576
7202
6452
7911
11911
16993
9452
5963
9347
6327
6956
6481
11805
6492
8967
10665
8524
7288
7639
7526
5063
6359
5642
9727
14943
5880
6198
5849
9021
3457
5232
4814
6076
7684
4903
7160
4546
7063
6497
3568
3773
7161
7528
9357
9860
18774
11195
24743
17322
8040
5952
8163
8012
8515
6332
7678
7159
3591
4889
1352
3986
5445
2206
3335
6170
7633
4697
5263
3068
4964
8077
5072
4761
8372
7913
10999
14244
14923
9565
10448
16809
18000
18021
13464
9869
5610
8943
8213
7422
8522
6387
8590
8638
9025
7580
7004
7082
6417
8740
5813
8626
11567
6565
7514
6581
7235
5282
5914
6740
5760
3969
4387
3587
3678
4691
5659
10536
5831
6392
7094
6297
7956
2884
4829
4644
5802
3631
5394
2700
2998
3278
4534
5257
4737
3196
7225
5735
4521
3085
4050
5029
5030
8063
7253
11648
9991
10472
9021
7059
13353
14652
8699
8633
4951
6039
6882
8983
7424
6564
9140
13880
7848
14828
10353
9999
10509
8269
14386
17055
14923
13163
17457
11853
8842
6510
7892
7882
12069
10034
11095
13050
9904
8553
9061
17631
7926
12327
10942
10960
13037
8222
9506
10985
9233
9836
9867
7109
8483
10204
4434
10007
10612
15407
15642
9139
13230
9145
13017
11080
7919
7951
9013
6830
6630
4992
6737
6360
8146
5251
8120
9677
7435
6394
22812
16982
18314
18548
27258
25118
25454
18197
19843
12396
18547
26148
