33297
24565
31100
27834
25868
29373
25075
22417
29778
30159
32401
21846
12748
8316
18742
54646
28244
24907
25669
19471
17922
25029
10913
16744
11599
13151
13895
11566
13190
23281
25499
23568
17870
17642
19688
16185
11325
14224
10281
10356
16760
21224
17645
18339
11531
11883
11742
10904
11950
8920
9557
17034
17577
14307
15185
18793
14164
15459
12010
17619
16160
21592
23024
19038
18266
95996
23696
18600
14476
12985
11547
8971
8353
12366
13670
15939
11942
12457
11295
11907
14178
13007
8364
22147
18284
25442
28102
20461
17734
18402
22184
34116
56486
31298
27132
20030
43338
41246
19538
18075
15594
13698
23540
18573
14017
16846
16230
16374
24783
26893
26717
17829
22961
23013
11155
12298
26827
35973
30708
17866
24609
24053
32335
29745
25149
27444
26515
32293
24607
17688
25135
23188
22534
33508
23522
21797
32102
24396
18990
46051
20349
18181
15830
24882
18921
28625
20129
34339
31757
46806
32826
21260
42809
37992
24511
28065
28233
28659
39114
90494
53576
32523
46622
46009
33790
26739
27538
24989
47465
46307
19105
49204
42329
37011
28781
20282
29207
29269
26581
39658
29802
29571
23023
15564
22265
22002
23109
22749
21622
21431
22056
21381
20441
22133
13987
18363
14457
20481
20326
18962
14055
15391
16846
16163
17131
15668
17700
16774
16017
17384
17915
27869
26455
73447
35443
26916
25516
29589
14378
21866
18121
27884
32108
24097
14648
15947
26011
53945
32371
7200
6019
4422
5303
7037
5420
7386
7617
4112
5786
5889
4478
4232
5283
7866
7077
7374
6983
7491
8697
4723
5849
8275
6695
5559
6996
8555
