10373
6579
6892
6731
6834
6640
7789
5944
7315
6514
10150
6574
6684
7771
4393
8677
6630
10209
20344
15289
7981
9216
8874
13558
8118
9683
10503
7104
6080
7758
7098
8328
7921
7553
7017
3452
8067
12340
18259
14904
13364
10147
7090
4461
3288
5042
5400
6976
6969
8758
18099
4200
6267
6477
1713
3533
3857
4651
4175
8689
6238
7659
9182
5745
6394
5169
6136
6385
6395
4066
7035
7812
7013
6576
5240
9730
9976
12089
10872
8958
6315
9260
10743
6893
7695
6439
8021
8432
5733
10789
8299
9485
4537
4923
6361
20004
11433
9664
13251
9770
13421
11763
7435
11908
8720
4407
4271
5847
8094
6635
6070
10007
7143
5164
4551
5344
11249
5859
7727
10852
10329
5713
6679
8004
8680
12008
6693
6084
5934
9765
14898
7283
5363
8079
6623
4833
6236
7673
7257
11976
15874
9528
13181
17693
23797
23104
11872
12137
9179
21826
14891
28310
31277
19353
21891
20792
13323
18345
17258
11571
11909
11953
12929
10908
13333
13503
12277
10301
8277
5814
9970
7149
6566
5957
6189
7324
6230
8658
6728
10055
4835
10862
18423
11232
8195
14000
15727
12046
6450
7100
11131
7022
12863
11464
6242
8357
9802
15609
14357
19532
17341
14354
13693
10503
8637
7683
8695
15332
9557
7034
8267
8684
6742
6335
6511
16968
7376
6928
132006
67803
139583
125084
80454
157576
133310
132437
78588
79279
59946
79437
86303
73629
67113
79666
111898
90742
134579
80030
101772
105732
100894
109908
81566
149314
157804
145736
97267
75415
92097
75012
68759
97617
64551
97264
85346
125211
