127362
114900
121615
128874
141568
106255
124415
108631
101797
112974
73662
91322
110022
76582
71517
96706
391831
248078
207806
214091
246646
310144
322738
320408
97850
302429
482255
220026
370338
416212
564613
276757
242187
431176
337771
574939
538825
474199
505817
1236193
780307
498644
536452
152303
389288
247458
94871
111226
143761
169735
155290
157619
187312
141070
119408
144280
113545
134496
193715
163683
167811
159475
112929
135404
124046
187066
205271
152875
98669
81161
166953
152086
124959
99065
105974
110055
96630
102745
90111
112879
107444
86549
86514
85385
101547
71072
108674
104360
143523
142422
198781
123860
110997
168041
158567
117900
92402
86063
147153
95166
149366
153072
115391
160575
135321
123981
126283
154339
125536
114727
122809
106946
102121
130656
112639
109249
126117
134607
185204
164212
236181
133563
159275
217515
136673
106444
136276
141441
206583
143681
104144
167610
141078
196031
233485
254750
155104
101410
133936
141487
135888
96154
164240
187293
178001
122621
139040
141817
107485
98766
106637
171137
218182
265514
420537
354517
211978
166602
197976
168792
125148
154631
168025
164396
110634
109180
126833
148399
262491
129518
222619
189106
191435
99001
169347
173879
167040
115091
127155
140461
145524
147040
131362
118047
106554
98394
103852
130482
88271
141545
80723
94657
114382
97708
68428
102336
122645
87748
68252
70094
88080
73542
57658
103807
123256
82179
181400
22948
25972
21324
22431
22696
22017
20368
25098
26369
35500
22097
24913
24541
27770
19363
25066
20154
21651
48919
12856
16744
19591
14950
15331
11502
13869
26038
26420
25869
25438
19951
17810
23415
13459
13596
19798
32379
16689
24910
14524
17729
23495
26756
72834
31221
39565
34392
159890
116427
