99623
84609
62732
78358
41451
39395
36573
43220
38723
69413
25726
34719
17404
19457
40094
24557
29253
26589
36498
28649
32477
24743
46846
40119
39129
49548
31823
43894
36191
25353
65457
41557
8554
11759
11123
15230
9907
46878
38028
29523
53617
49305
44105
43581
33793
17373
28178
21848
38457
45238
66106
41489
63363
65386
132128
109445
86128
140064
111107
179527
150265
32746
42383
48478
35747
201997
67027
54770
68298
66871
65387
76435
68985
104425
63803
56300
54081
95951
145806
93911
85083
102090
73494
77097
77146
69371
66265
62682
84471
121141
58938
113420
123029
145247
132522
98303
85410
94373
207941
134303
112434
103768
104768
78480
116487
55850
80531
81533
125251
345740
150626
103003
96306
95194
76700
115715
106129
83356
47484
153954
110604
63943
82923
93076
63080
58109
32239
32019
57498
75020
46893
57848
75806
71105
60425
53461
74561
119384
62956
71305
154993
62507
98794
52541
54052
51426
21427
34549
46292
38385
31397
59348
62767
57272
81167
101829
51209
70300
98314
67024
103209
99667
95197
89335
111693
70297
78471
87644
131802
150053
82270
75975
96282
191793
224059
121351
116225
121530
114618
132732
122520
93773
67622
64881
56702
76126
79223
75615
46870
68485
84458
56306
68871
54729
65979
83994
162197
133389
68079
42651
77677
41233
77805
76792
54412
90800
71445
71929
91726
54741
67432
62076
76783
89646
66899
72153
65103
61378
67739
74777
104849
78151
106699
48536
62685
86777
72500
58437
79564
123162
214300
87133
103314
84692
139346
117081
149611
175444
122120
89666
74397
81852
127245
84615
107917
120865
134515
136868
67536
92064
115723
169136
113799
88079
119735
116166
