80259
150317
87004
84011
65561
63218
135225
108011
97956
94101
95351
118424
89611
105711
114093
74781
95856
74866
98762
66483
66814
101123
121383
60492
88826
109475
79309
72520
69487
59867
94207
77956
84474
75232
106183
139949
157186
107038
100833
74595
65021
61932
59799
67626
45190
94724
218805
152816
109892
134026
121714
90820
95722
166708
151639
118780
82691
82674
78800
61886
58838
55290
47316
47405
45422
43658
37333
97200
41081
50096
57804
54608
48159
35792
36188
43074
32174
36015
32382
51969
39724
31319
23418
30718
32684
39167
121138
51472
34472
39838
44025
38687
46574
60370
43561
43351
48439
42802
46629
47852
103842
90203
75358
49204
36115
34294
53668
37087
43865
46755
77304
109210
53035
84092
54159
65304
78251
53826
49138
41228
73869
54587
67144
59175
61754
48143
56460
72548
48487
90763
132146
83776
90604
71839
101649
1092670
176331
194274
109710
119312
93255
86760
99772
84315
55587
50771
92165
64859
64546
92863
48955
52543
57865
63537
54142
60467
49937
34492
50995
46820
62980
48610
53806
38055
55090
36971
32963
61511
41361
32495
29510
41246
56912
54004
100808
78794
96902
105135
110323
74006
145377
212232
137018
77151
54308
178911
113849
114466
132852
169428
179761
182484
147317
173518
200745
236405
163163
225881
207569
148765
210853
239625
218173
203707
326242
265865
157114
81854
146967
162920
202797
116501
161994
317913
1384480
856283
476845
473960
370465
248644
183992
389080
199240
167694
161806
170268
115559
137284
113799
139541
138555
234153
233081
151495
291237
167058
64255
153184
130077
159330
171273
227873
88294
140255
67853
171946
116635
156107
167761
121638
102797
202328
140164
95635
139481
18982
