74481
68454
135778
79344
143325
85941
129229
153667
188953
89514
140095
107895
201744
167013
145601
332302
317250
224100
126099
107857
181796
161159
122413
683469
373348
126222
216758
174234
155156
193291
237350
1540961
580855
368724
385080
177454
124211
226361
180158
173594
215172
189033
193258
209269
193176
330147
269064
206040
244426
161956
157012
145771
2446275
1347263
624078
795514
415292
327930
535409
172685
866139
248776
352989
508708
227348
277797
149386
266736
201697
321640
395854
198818
583917
449240
236320
912556
336906
198162
254773
227805
171234
373146
628998
264277
196259
121003
135248
220889
293760
395190
261482
177909
155548
331547
149506
267682
275486
183483
188650
200749
290470
167267
328703
213607
167213
140951
168580
184851
204176
435207
274720
271172
173076
168485
332107
234180
232606
229037
132663
380849
207007
128434
189375
233255
290843
204685
250009
165135
256500
207551
189725
310975
199590
172116
133288
138333
107074
173390
312849
206250
179858
500075
256349
260650
106556
131019
184038
275787
148091
356541
157878
156112
264801
154198
111533
126661
155850
109725
128543
126557
605346
218797
148431
44917
53606
55499
48350
53293
45710
53190
65979
49352
47982
36596
38126
46506
49416
90954
69657
74850
56764
63272
60583
83365
71500
51571
43581
37937
40623
50166
49850
53060
50221
61857
45115
64906
37026
42692
43735
62304
50429
43142
57621
91195
89754
56984
53115
57006
61483
64047
57424
75887
66855
60937
68975
72716
49316
70382
67901
53510
52813
63645
59214
39915
24688
29814
43145
42146
39157
40906
76126
59567
62322
50719
48853
45244
57108
61773
52854
42705
55249
41171
49496
41133
12596
26655
29324
25921
19498
51143
57272
76954
41478
34566
79566
52242
