40107
42203
40006
42180
40753
70170
61435
52437
89350
67636
53980
101755
67363
68025
64457
99863
84992
67263
85095
68507
73248
63018
69195
51389
47279
47200
37710
57704
49571
67423
45178
45568
57210
53796
36235
53943
60478
46186
63269
42546
48450
72437
71746
85843
60897
70922
64023
55423
68967
96744
102537
65806
56052
61888
59749
80089
55592
82044
59890
54151
92741
43667
42439
49326
81708
84516
47597
43442
62431
83547
65291
66558
50722
67052
62653
93276
77509
86968
90305
89934
87105
88522
56226
35941
47268
106392
81297
83590
89260
76000
57248
101869
87741
66191
64235
63281
66232
76389
63067
60526
70063
84018
74628
47237
54637
67400
42938
53149
57071
67914
45861
71682
80643
109931
53934
71462
60938
58474
40133
60347
57681
42535
38079
28298
37590
27958
35791
51253
49646
79803
62079
63533
44765
35058
44331
36397
38124
33324
85381
58812
50719
35100
41919
24747
44619
37019
31883
21164
19791
36633
36188
37368
20949
18541
20188
16306
17466
13056
23152
32373
18661
23973
13867
20178
19462
23624
17733
31187
32406
25720
22966
17850
22072
23965
29245
23823
24911
21444
23581
30749
25465
18639
13439
11452
15821
13124
10833
11889
17986
12324
20863
18313
22460
19071
16270
22894
19172
21055
33513
14281
16658
23957
15301
16060
17298
12715
21469
23334
13001
21191
19020
18716
23073
16190
9135
27554
20659
21713
21609
24520
19986
19444
13301
12272
13472
12163
11046
13853
14085
42359
11288
13035
12938
5352
18990
10096
9637
16598
15114
21736
18148
13290
10218
9743
13916
13841
9670
14218
17216
15912
25984
22893
15606
14368
23755
14403
