17835
16403
20920
18693
23845
19973
14556
17137
15676
11969
13555
16982
10834
11842
12943
13111
15258
15979
13800
18421
12613
11734
9050
10567
13225
13413
15900
12095
11394
12593
11575
11946
13531
14338
18959
13479
10532
10459
13536
11922
9014
7911
9988
8672
9714
13089
12419
11223
10222
12316
11520
9523
12300
17537
9220
11100
11144
12644
15677
13148
26529
16294
21987
18115
19423
27264
21386
35356
29840
26475
18047
17994
12736
20424
16288
17376
18693
25791
26798
13322
24910
17691
18334
17526
17147
27394
19136
28152
19984
19866
20392
21816
15409
18524
16558
13846
16349
16138
12866
17581
13488
16561
16710
12421
22588
16301
15925
12419
24048
21299
15533
12615
8667
13556
9639
9536
17912
14976
18282
13517
17097
13993
11618
13711
12276
15570
16314
25296
17327
16505
12018
8900
9597
11151
13875
13004
12807
9767
14268
15227
8152
13668188
12022749
9731650
7213295
12160140
13599962
9532314
12678652
9954508
5918087
5754204
7981116
11671114
4800638
7380088
13188592
13067493
11549341
12507260
4790581
6783810
6043372
6645037
4611657
3153071
5009930
8248161
4852104
5885397
3028962
4770943
3691747
3446186
2883527
3625194
4553392
5852719
8340508
4109900
3046239
5245930
3924026
3067987
3352306
6403857
3337958
6450731
2664495
2534441
2341016
2456858
3183411
2071610
1961884
3604489
2002778
3059799
2482147
1244406
2262342
1932344
2009798
2580657
2501691
2462393
1892235
3457740
3193986
2320094
5528662
3998917
3982410
2212023
8368871
9342307
11910813
200
21474836
6268211
4909260
3575203
1454979
3379564
1908418
2200949
1987579
4067934
6686170
6743388
6724518
6240976
4755764
4701180
4103510
2748472
5404897
8078929
4794493
9596805
6547414
4975243
4589027
5589136
5135051
6795944
2357768
3342394
2720058
4502990
4675016
2562031
4988379
2549967
2368527
1892693
