3322853
5756903
2886874
2782228
2336067
2829170
2926219
2599690
1785576
1556868
1642807
1636498
3193560
3190796
4598645
11063114
12120505
12003742
12797596
6359575
5432053
6806357
3502159
5580303
5000792
4433540
4667376
9714942
5872699
8862683
6243912
5503587
3020910
3445332
3181218
6215279
5593561
6644599
4348496
5967617
10395452
15365367
18641591
18600668
10273852
9896957
8086466
7616405
12447852
13397943
11048701
7164708
8034176
4494625
9735237
10016226
17072458
12245868
10981323
7547502
6566961
5091100
8728011
9452174
8892800
9204529
11642954
13351582
8408652
10207642
12476725
7546088
6328659
5663467
5616633
7140562
10675647
8620386
8302277
11485649
7098912
4385938
3822877
4224750
4078345
5873429
6883991
5715552
4877246
4626594
5670304
7035768
5421649
7974828
5320535
8620648
3851687
5145587
4729548
4666345
4192847
3947035
6468879
4829887
6802249
8062487
6009234
5474515
4252047
4214344
3767518
4295214
5352102
3319000
3942263
2699728
2938513
2116961
2770758
1909364
2960728
2793812
3733015
5741998
3356049
2744727
2391152
4247817
5386740
5197346
51606
38851
46413
35907
57287
42067
50384
83321
219516
111434
78617
69747
54775
70348
63234
68797
60207
49049
53039
31850
44896
41416
37206
55616
34846
38097
72560
44605
36532
46635
32455
26037
31990
31805
24243
20475
30677
70794
63204
49502
43096
43957
62577
192418
84469
67283
92826
46413
35216
50967
39215
36583
36665
34614
39408
31459
36990
39550
57447
51140
37961
34258
19733
42714
34688
25712
34944
48585
38741
34231
71760
34866
36333
66649
135180
85366
78177
75904
40997
42867
43833
19144
44559
34808
50122
19492
33850
34373
34732
33219
31986
29145
38322
34641
45163
56677
71254
67661
62592
65099
54819
47458
45875
57905
104306
63990
60409
39234
54541
65509
25742
39780
36418
27935
50429
41104
29694
35222
35330
35253
31658
38118
36882
28898
26488
39631
