35922
41293
55151
28354
35300
75376
57504
40402
38332
38950
39104
26880
48995
45989
48439
32847
46341
40929
30387
24408
37473
32036
35937
174095
85409
42718
36066
26499
33053
33357
35374
47625
38317
49515
32760
35352
48592
31114
61464
44291
40217
50250
55007
61573
57450
113849
131808
69913
58374
69414
80817
192196
89981
79608
68388
65247
64625
55569
73761
56655
38436
55043
52776
73260
50971
43798
47311
49662
43698
44183
46689
48953
47396
26237
39963
58755
45441
43451
42729
38944
57960
35617
65365
74113
105180
53378
54657
55336
66764
50286
70151
60601
56546
43294
85425
44419
59677
70593
62224
56489
39819
43600
46643
38635
44483
33997
35460
32174
31614
36064
20562
55414
43520
33716
33868
37005
34484
41518
35936
40015
29586
35883
27394
37238
33747
44858
44547
47701
46702
68009
39795
42404
52684
50339
51576
37918
58884
52088
60970
78480
50335
32960
48274
35614
35728
39812
48418
57435
64792
51399
33695
35069
31375
21194
32787
69202
52534
39949
36425
30467
27219
31800
32105
37949
39068
37516
37869
33216
41055
24044
38211
59133
37590
63159
18987
22037
24140
27226
25316
32225
15878
15166
22524
39402
32100
20948
25641
22172
24862
26478
32474
29811
35045
17411
37599
34898
65505
96607
72183
47465
12923
30211
20225
24272
19608
31203
42934
33063
27119
22269
37977
39478
27907
29819
42090
37405
50478
42814
34879
25526
32828
41618
31927
36754
31021
40208
29189
81290
86996
38775
31769
37544
38588
47460
51900
40355
35701
55243
47131
37275
31382
36161
35843
47458
41593
33022
49792
46213
35020
22148
26481
22266
25695
31662
34190
33061
