44612
47161
50338
40775
57208
98604
93613
50706
47353
50725
35718
38783
62252
56368
37088
27257
45371
39996
28825
37754
45206
27513
21228
30178
30916
27927
40050
53319
35935
35235
56279
42140
44044
43815
78421
62043
53655
34596
34442
34378
39852
41887
76893
72511
96635
77163
51212
66074
43081
30911
25343
30740
29304
33392
43182
42338
50976
59366
37737
31092
31458
26020
29058
59053
56088
34807
35335
47870
59053
55355
50304
65424
61061
52227
31357
37638
27335
39605
22699
37624
30846
22956
26557
32410
27694
29491
32077
32342
31266
20207
42058
28399
41254
33718
38330
79662
83533
77889
85374
116646
101818
97033
59921
33990
33166
45347
44197
54068
53861
30839
58635
57815
61511
37693
37801
77129
79379
49907
47736
61390
53962
38002
48170
57858
56696
53593
47695
34243
38674
55026
72694
78125
59000
40226
47930
52419
44487
34366
97086
40740
43560
32573
35025
42875
31744
38254
60546
32329
28603
27339
34683
33730
43127
30541
36859
40280
27861
33586
33895
40533
52743
35491
39883
28239
38696
39447
54034
41092
42895
38693
15427
44772
53022
42941
35982
37598
37925
41000
51776
56721
56622
32605
37463
35956
31673
30112
20636
21589
20250
8186
13290
45499
40912
16242
38243
30236
38566
47378
38452
75682
37638
48070
52962
26581
23394
33798
47798
65725
43866
35127
73201
101756
57454
43833
51547
30343
53435
42113
28073
23864
27864
45640
36792
38266
31482
25947
31200
26100
30728
36482
49280
47343
55889
51997
46025
28859
33649
21365
21506
34788
44659
23392
27435
29830
26642
41377
50306
27303
24515
28403
27359
25773
19888
26685
31334
28655
