19813
22523
23886
28407
22406
28564
28139
23540
20445
43445
27426
23714
28126
36531
23258
28562
33824
53700
51642
50174
36710
29776
51718
46341
42049
37663
30413
27052
49366
48027
34743
39252
29624
32041
54763
28837
47537
31097
22877
50768
43340
55787
35635
46700
48683
46256
60570
40098
31824
26314
36051
45281
41635
28838
24757
34434
35567
35941
56527
36177
44331
47410
48800
45214
57000
60936
59500
37456
31210
50190
43118
42771
31809
22620
27230
28868
97381
73230
36161
68161
44376
44407
48593
34385
37308
31183
44377
31371
31491
27985
41333
23073
21184
26379
27368
36368
30736
47696
38371
42284
27577
24658
23122
30462
38196
34755
28370
20123
31148
48687
47623
30672
41168
37204
32946
28249
28838
29416
27033
25657
22561
25112
28670
33968
45590
24898
28441
27619
25713
34469
28255
26405
21949
32743
36857
33852
22885
23483
31692
28678
28371
27760
30421
28951
27762
21162
21711
21730
24138
23315
24819
22233
39619
75437
52602
41915
34144
24379
18129
20480
32349
25654
27152
23409
33385
34187
29597
25617
26499
32549
24014
27194
23120
29041
38200
19019
21679
31435
6043
18923
15930
14222
17266
26479
22434
35096
21568
32899
28079
29843
24083
19730
36241
32116
28106
48120
30463
23409
28661
27428
52832
48946
23621
32839
26455
36995
45023
37189
53706
32026
40040
28964
26848
38695
30889
28757
32324
46743
26837
34144
24269
17971
28873
36680
40594
25328
33696
22958
28337
20348
22068
20347
29101
30609
28666
52380
24426
31398
26136
26704
27186
24677
27359
22370
35527
24243
26196
28313
22543
16393
14894
28941
28090
16818
33763
24147
