31624
33380
30323
37493
30216
80558
47880
379525
281195
233149
86668
99695
78678
100328
148054
163324
108345
60146
49635
69816
66521
56699
69153
55871
38859
67644
72936
70366
69229
128771
111648
83443
54756
43307
64118
81904
46784
24757
35641
50460
39951
35813
43721
42562
47500
38912
32613
46931
28339
54366
75319
74986
38719
56135
66865
49961
25914
33020
65389
52582
41264
75536
48065
49245
43907
31634
31877
28395
40414
33538
35655
30600
38351
60376
81178
46355
40613
26710
37139
52634
43481
49728
43722
45445
18135
27679
123299
97733
95762
79038
83091
75684
104752
139056
88871
87871
74034
123624
81971
97602
69104
205948
127890
152870
123989
101096
111811
96175
118033
107880
60420
75419
106519
128455
106814
86610
97792
74392
111994
80503
66879
65163
91933
73677
88396
187863
339025
170642
113852
87759
97956
109496
120896
68473
61615
122532
88741
74976
75734
64447
83345
70959
66267
82370
86984
94843
66296
62453
51895
97184
98242
78799
75956
104486
68355
64828
85530
63046
53700
45853
49500
67387
57005
72366
53396
42799
40562
15077
37898
28793
34798
38603
73266
56971
47187
54329
66515
219587
135626
83990
62242
93975
80564
69540
138774
147629
97773
152193
340432
156256
139627
71590
76679
63459
116449
159895
86688
154991
85816
164116
134476
73653
84541
68469
80094
69948
103143
58100
99661
61084
83996
65842
88337
61991
66283
47557
76930
65314
61738
96895
79075
72822
79255
72069
94254
75128
143166
114480
113631
78872
69864
61835
66613
78304
66961
63889
69729
54180
60232
118373
70016
54977
71295
103859
79694
76953
63593
87220
90463
201342
143243
82330
79174
94289
78863
125619
