114229
193707
157258
118592
74822
77930
65312
99397
118812
95973
185847
228079
158902
111748
137958
115688
95581
77094
83463
94551
89827
102795
89070
116062
97526
97046
73417
97835
118719
105654
105799
110055
116523
86601
90375
86582
120688
68368
130642
96361
115985
78782
93587
75932
60605
64580
49164
100814
68512
81025
85040
68263
94720
114323
159114
88730
88826
119509
76115
76714
72212
63040
58859
62110
74149
54633
36291
60841
92293
76398
66635
54368
59468
96253
80236
24632
17490
27624
28320
23322
19227
22771
36209
25768
23085
12430
28871
21324
21938
19422
21503
25300
25209
30531
20059
23018
27389
25722
25037
27610
25651
27078
31180
24557
26445
23118
15665
18848
19695
16111
17003
21966
20670
21877
17475
20763
22994
50060
75098
51393
32988
34248
25248
22982
24447
21037
20436
21703
16807
19142
13300
12525
21344
15828
13973
15596
10665
14462
25853
17233
35514
37186
45176
24275
18740
26927
33704
20279
20200
28168
35319
27702
46579
23925
15225
13443
5005
9503
15715
11254
13219
19735
27080
48370
43294
23364
24073
29064
22539
13564
29016
27947
20864
37324
37662
21315
34308
32193
31814
49063
35168
28134
29318
38790
30422
29468
28802
22350
33326
36083
31282
22681
28005
34035
29579
25118
21159
30074
40555
28984
20492
18404
15804
20472
15689
19231
34604
17713
28715
40775
32006
27305
27163
57891
27066
16488
15903
18946
17781
15992
18271
20434
15926
23110
28478
35525
19604
15952
19171
16420
22121
22052
33537
28527
13762
19620
23027
43846
28027
35473
29912
27307
23304
26341
33064
31590
49103
52402
37612
29688
24565
17958
22824
26647
23967
29215
