42494
62089
31802
37966
34908
27252
24460
32947
31011
16073
36101
33788
29169
29669
27534
20775
22924
19184
19797
20671
25668
16676
21769
20192
19899
32922
26311
39697
27233
44241
31363
31571
31337
17274
31621
16110
26817
32130
23589
26638
19107
28320
26751
35479
34261
25178
25084
21311
25631
26149
28190
25405
22761
19730
24386
24335
21236
29374
22630
25331
21492
21980
30221
29354
10418
10132
26826
23542
17796
19833
53942
59656
49235
69416
77808
68219
32796
42070
31266
53616
39743
30154
20778
21310
21969
32176
23789
20913
14715
16679
35134
52603
36304
25638
22983
22181
23738
29836
18784
15964
35676
12917
11203
14889
21751
19894
43375
28537
22259
21601
25532
19381
10994
15493
19776
11511
14872
17053
13744
11824
6175
9805
6330
7355
7410
4692
14998
17952
11900
15063
14928
14985
13603
16683
8265
11825
18728
9388
18965
14231
9354
14365
9329
4587
2278
42198
29638
43775
28854
53637
58443
80756
91360
47586
27863
31633
47968
35675
65622
28695
62584
61689
68968
46587
36928
31288
54155
41892
33266
37653
27671
34444
61551
48939
27445
38049
17565
33656
30843
24566
22888
29964
26272
33932
39199
35219
41975
34038
43572
34421
66004
104498
45818
70771
39918
45030
82409
60177
54688
49678
29171
32610
33175
42772
35588
39005
50551
22625
60816
45004
46990
33084
36488
29697
23666
22022
23247
35369
31848
19843
27025
23527
40379
24815
25188
19872
8051
18442
22560
17216
21650
45529
45103
37480
31385
15725
15832
25498
27685
30722
25836
39171
48848
38611
45738
36603
41050
49038
32413
22742
36631
43219
62105
100089
85561
53895
