60540
47403
42829
43491
42341
163178
31942
26007
21374
26446
24872
24922
20324
20968
22256
31375
31487
25648
23187
23715
34397
14562
18155
16835
30836
58442
26159
37453
60842
43481
62609
58072
55005
92911
40657
56287
55501
55441
35337
38572
50900
38394
29607
24993
38532
45960
54601
35222
29323
45583
59787
32062
32921
65210
85466
55113
49777
44926
66476
37980
110380
98820
51202
58058
29913
22855
37216
34867
56325
38858
90116
70538
39273
82998
48496
50759
49852
39376
36395
44452
65845
59197
102170
76513
68435
21600
43705
62373
40300
36340
43521
30580
44543
34429
60455
62405
32736
50252
45835
51927
37324
51206
57795
33312
23269
25548
51347
37188
47012
65011
53086
42890
62432
40679
51759
35279
37032
116245
70776
63126
47864
42926
34899
28433
29100
29589
40954
38547
36417
18037
19237
35134
24466
21887
79639
90426
102461
99000
87599
87755
85313
93276
101960
80993
72585
92565
161313
163906
97972
215670
278898
147125
111677
130959
77026
86718
73108
91671
62381
88051
100890
153276
154710
112706
95456
134310
98873
82763
62676
67187
303548
396010
139308
106850
110594
112028
80135
93642
125466
109238
231761
170736
201993
79577
113506
112913
120223
92838
134044
78882
69475
50160
79730
57795
100432
120772
37668
87788
71463
50464
101246
131908
163386
146337
95723
91584
90405
65066
98579
98238
88380
104243
75801
43788
57849
12760
40802
71438
46003
42599
67108
54409
145663
90002
67328
59913
81388
70311
68502
143449
61861
101449
106325
153360
64252
103980
76022
105617
94689
90595
193417
155278
168194
128366
132069
95561
88846
85405
98023
61359
80720
114090
211067
126255
106341
57001
