127283
71468
65313
66428
122498
166870
146650
88717
70363
81612
65851
66466
68313
103030
80747
55267
99261
58456
66844
84188
108878
79652
73867
64390
65813
86678
122904
111802
72501
155172
88389
75920
75920
112492
85525
112629
80088
65805
66798
87658
59815
44533
104819
104858
77756
96301
115612
162386
204932
295269
272772
136414
123608
106632
106025
100166
164966
124622
131940
153300
158697
196011
178794
134686
115539
87528
104962
76120
102169
154074
110877
127245
187318
95236
87617
97031
83381
102477
53507
76124
60781
70001
101843
111635
135721
89193
185569
114469
192492
104208
87448
99233
121540
52237
72382
75382
86089
44863
112798
80058
123469
106894
91601
113364
95301
77649
61621
78159
72167
110582
143005
208553
81791
84127
57092
104798
92330
112857
113454
70319
86418
85820
72186
27224
32323
29834
43741
32295
32130
40233
50016
41322
29373
27567
57836
52235
28227
38161
31866
39336
47849
48614
42502
27478
42240
27725
19817
22583
24389
49547
51590
38962
35071
33732
25295
28250
20959
22026
37176
30473
25772
25350
38006
31488
30057
26591
37404
42897
51512
86660
76763
32314
29738
34289
34579
32204
34744
44889
25047
33667
31532
27789
23143
35773
22384
12913
59275
36057
30162
34730
34301
32173
42573
36159
32162
34224
32262
27658
34209
46980
47115
23675
26728
26897
6565
21405
13533
22952
16279
31562
77851
33003
27075
40199
33354
25548
30003
29822
42900
33297
37499
42599
41920
28557
23740
38278
38423
36793
21951
26620
32254
24125
35586
22381
51104
88966
59137
54075
46681
46781
35268
27549
25020
41275
42666
609089
164247
216564
171241
106258
100014
54692
82545
76616
116208
103310
