99686
40506
71271
88045
62619
69768
43358
41888
59717
72370
72327
83136
39055
68182
44048
46325
57461
57553
64763
47334
51587
64600
72984
34794
45359
38103
50463
45974
53394
35063
38898
119297
95854
57597
50803
31794
52227
84104
142535
108950
82485
57668
74901
38782
88193
66775
87831
61691
85652
103332
39372
66459
84256
76869
44294
69296
80707
47421
47647
65014
85863
62011
49375
33887
47878
43270
85059
58977
48768
24626
46911
41449
45401
83452
29129
65666
52850
49875
27317
35437
31649
39353
34074
28609
80163
25633
33530
35623
23086
30607
27596
30070
38670
38379
56153
48849
45369
26777
38576
36040
36268
38309
25746
18522
31417
20207
24495
26838
21767
38933
34766
29016
43249
29139
53427
35685
42013
29043
46622
43568
33727
44999
48598
55189
48985
40275
31415
57307
54493
38544
53992
59358
105425
77723
74357
69334
36963
46892
67736
96028
71396
76380
53583
34981
55344
37762
49762
50583
52441
49597
48072
51501
37761
65931
49188
36635
74086
50097
56024
44640
32367
40616
39227
43674
33480
39240
33957
24732
35286
29479
30800
28567
27443
32588
18263
28390
39349
53199
43327
43533
44544
40519
43237
31371
23984
45634
36251
45439
54181
107876
32348
39906
23760
6720
19985
22248
22392
19876
53726
31998
61713
34693
49504
39706
35662
51237
54175
37986
31595
40150
56616
39378
27501
28645
31432
44638
49522
36745
36204
35529
49301
46820
54914
50750
42051
41444
39061
32290
41500
55365
54161
28705
25534
130624
58506
52447
24595
57619
35142
36284
48587
28620
27610
26655
26408
26577
31364
36966
34846
19362
33407
32304
72078
31780
37357
29094
