24704
31498
30784
25371
28837
28442
53110
44690
29541
39369
52954
39094
41528
45853
40379
58130
43125
81591
82494
90829
74575
86045
45079
59737
31552
47731
63980
79320
98149
55464
48127
34515
32855
59421
42540
45192
69346
81919
89895
64698
92971
87161
55704
53355
39571
43604
28547
51043
55731
52515
56347
41209
23831
43424
69986
64957
63274
61458
59136
126471
81624
67056
87288
49899
127285
95478
129868
63264
55918
57656
47827
56331
39669
52471
43287
47836
59251
36264
54754
58727
62096
52292
47835
44790
35425
30439
37401
41430
33387
32520
28833
36248
34682
58503
50375
45374
40164
28462
38551
39876
33989
23645
19141
11830
16113
18011
12691
16581
19909
13663
14998
10640
12130
11763
9333
15251
17843
15472
28188
19654
7959
14273
12963
7367
11696
5522
18165
17429
8224
12707
11309
14755
10296
7776
7168
7084
7323
6187
11733
8109
6248
10792
11432
11114
20724
27054
14557
18295
16024
19440
20458
20180
23253
25651
15766
17177
14619
18348
11742
14866
14743
18635
15730
7920
16443
33652
20622
20923
27688
15228
22234
23436
28119
9548
19581
12958
13577
11544
16637
8188
10458
12671
4101
7692
7946
7432
5770
23333
19555
13384
11109
11399
10092
7722
9678
12103
13218
11486
10175
13307
12586
14278
7549
8601
11423
9489
22995
9819
10332
15264
27923
11779
9959
7082
16673
22368
14662
10960
13686
13870
20808
23897
24994
25246
28580
18582
23694
27539
19226
23828
21622
17765
33604
17745
25564
26294
19925
22066
13291
25018
24248
19360
17211
20946
21170
33652
27926
19835
21079
22488
27200
16108
25158
22287
37016
31490
