27626
16607
32552
20357
14731
15492
15023
25763
19392
23546
30275
27713
73807
35357
37700
30746
55817
38608
34790
21779
27530
20627
32418
22616
28817
22429
30961
33310
28319
33061
89904
25133
25742
32369
31780
19239
36992
27061
30662
23165
27838
16005
24198
20641
13400
17401
14506
17772
26425
27257
24814
45291
14619
20139
34589
40034
26354
26497
28099
16447
15211
14806
14728
11572
19969
19917
12879
23608
20834
23072
21554
18082
36592
44798
52528
30423
24019
30085
24244
27237
28001
26045
26184
28363
39136
24382
23619
24419
20796
47450
30827
26890
34095
27210
31710
21864
21607
37602
26047
29148
21143
28044
36298
34536
30167
29160
42433
36246
41180
60927
28421
29696
20124
31574
24577
24261
42475
44584
25129
31837
32666
21625
37864
17150
20726
29084
22605
32551
34444
27633
29265
43497
80131
43046
70035
50297
31393
30096
32209
54888
55600
23133
17515
22018
42562
30279
28874
31465
29512
29494
21812
13257
33451
37188
38770
32301
43492
111193
99630
43603
42428
41086
35684
38542
43714
38248
140447
37471
31540
21856
7878
14685
17187
11752
13733
24159
33528
41360
25002
46205
90297
53790
39092
34253
44935
39963
34849
37965
57436
42907
29202
36236
49257
32435
23816
27765
34451
43178
47117
23355
29267
40606
31585
29419
27961
28768
56619
37913
25161
28611
22405
23648
15805
30316
21006
23200
19844
16216
15796
15867
19287
30003
21405
23074
25680
49980
31611
53948
36941
26939
30182
30809
34985
26273
34263
25827
22404
24368
35494
40482
43178
47751
50322
29436
44404
27140
41082
21324
25319
72193
57665
32923
30706
35062
50185
73597
