48823
36696
44435
51912
81147
47757
42137
30460
43770
25906
71238
68896
53846
26185
42484
84584
35954
85396
102663
42737
53840
31146
43663
32445
46973
88641
51358
42775
44076
38950
36464
37634
36650
32716
33360
24490
32862
39852
29535
42649
30007
48330
115213
70196
44120
47629
44470
31326
32914
32227
37746
24391
43668
52100
22488
29330
40292
27299
37116
37072
24774
56263
52240
34373
23887
27464
20821
33185
22872
33066
30482
24775
17337
21544
30011
40568
33034
13740
11699
19451
13783
17452
12837
17142
29274
25684
22544
12400
14714
18151
8663
7151
8617
27716
13562
20912
23457
23537
10610
13065
14801
13668
13565
18722
16504
16317
15460
15802
41181
32174
15690
11423
27892
30425
22815
22595
16955
21828
14975
37570
21711
27509
32261
36010
19398
13144
17949
28798
24769
25331
17010
19863
12876
20955
19414
124220
45917
21200
9702
18202
28242
26807
15661
19596
19714
18917
17286
14482
24601
18675
22444
18685
14388
21278
17501
12191
10856
5104
16977
19322
9066
7364
26560
11463
8949
26040
17967
27305
23169
19346
15115
15951
31775
55606
18510
13816
12144
15216
11658
10888
14292
21859
23161
13737
13395
17344
14248
16694
9473
14890
17867
13098
13431
14834
14862
13887
26976
17275
16535
12453
20033
22586
26839
15203
12187
12869
7085
11955
9460
17503
13583
14324
13416
10750
25281
10902
12338
27210
12873
13575
22554
42197
51364
24133
12285
17139
16089
28328
26926
10658
12373
11451
16819
18147
11381
10782
24546
14089
12871
9792
14962
11842
17096
14948
14347
19183
33912
30955
43963
23798
19849
19500
21833
20062
13173
13053
