13284
27270
23693
17994
24157
20443
14172
32514
21855
17996
15832
30849
15820
25659
16532
23804
23042
13436
18066
13335
14716
16076
19709
13904
14949
22682
38782
8722
19909
11059
8702
9136
9417
9076
4853
6164
9488
6829
13655
12180
5183
20277
38944
59926
15561
16167
27201
60006
19377
12070
11842
13711
10344
7749
6557
4152
11236
11316
9385
4858
8548
6181
12093
9937
11733
9029
8942
13582
12336
9201
6768
4963
6732
5124
4079
5727
4431
9422
9321
7271
7581
9992
5875
4978
4931
5242
5013
7192
8316
8139
9099
7209
7446
10727
6969
5809
5684
9594
7227
8145
8963
14517
9102
6480
12891
10471
11424
7486
11883
7229
8252
4501
5249
19825
12064
5574
13009
8099
12040
18055
14356
9963
8159
8513
20902
4489
4279
3175
6472
3341
5821
8452
5418
3173
3564
8231
7234
5482
6987
10326
4896
6726
5016
6023
5799
6798
7288
9534
8960
10637
21059
4279
7866
20178
13217
7253
7482
6295
15872
7523
6209
8685
3828
4108
13138
4805
7757
4680
9916
7047
5788
4920
2746
5518
5300
6843
9335
19663
10933
7680
7058
10857
16093
11164
6998
61767
21877
13363
28763
20520
30280
25383
15085
19230
16635
26984
42184
11330
7857
10794
5781
11578
10438
29778
11908
8955
18409
21384
12461
12327
10171
10123
13625
24497
16519
14863
11415
15365
13402
3520
10878
14113
5408
11055
12343
13324
12957
14583
12256
21037
17965
10216
12353
54721
19859
12614
12774
9113
6348
7480
4877
7046
8568
9973
5589
4246
8990
8473
5737
9043
7082
10121
14468
23880
22449
23302
