8963
14517
9102
6480
12891
10471
11424
7486
11883
7229
8252
4501
5249
19825
12064
5574
13009
8099
12040
18055
14356
9963
8159
8513
20902
4489
4279
3175
6472
3341
5821
8452
5418
3173
3564
8231
7234
5482
6987
10326
4896
6726
5016
6023
5799
6798
7288
9534
8960
10637
21059
4279
7866
20178
13217
7253
7482
6295
15872
7523
6209
8685
3828
4108
13138
4805
7757
4680
9916
7047
5788
4920
2746
5518
5300
6843
9335
19663
10933
7680
7058
10857
16093
11164
6998
61767
21877
13363
28763
20520
30280
25383
15085
19230
16635
26984
42184
11330
7857
10794
5781
11578
10438
29778
11908
8955
18409
21384
12461
12327
10171
10123
13625
24497
16519
14863
11415
15365
13402
3520
10878
14113
5408
11055
12343
13324
12957
14583
12256
21037
17965
10216
12353
54721
19859
12614
12774
9113
6348
7480
4877
7046
8568
9973
5589
4246
8990
8473
5737
9043
7082
10121
14468
23880
22449
23302
15060
10655
9778
15759
21540
7298
7290
67283
33566
14002
32780
17570
24456
38729
27499
137789
35039
38242
28081
43181
26153
30177
23727
17279
19399
24706
18097
8258
14265
16486
8980
10375
12961
13399
29677
14988
37890
20676
41132
126824
44962
32235
26835
22862
30498
25950
46525
24147
32546
35747
36203
41353
26632
34993
37949
29077
36130
25123
14175
21325
19930
30001
24235
29884
33876
26610
30152
26359
23170
20147
19433
21614
29807
31527
26223
24467
24554
39147
26857
30522
22388
22524
21613
21924
15989
20118
21862
19815
31234
