15060
10655
9778
15759
21540
7298
7290
67283
33566
14002
32780
17570
24456
38729
27499
137789
35039
38242
28081
43181
26153
30177
23727
17279
19399
24706
18097
8258
14265
16486
8980
10375
12961
13399
29677
14988
37890
20676
41132
126824
44962
32235
26835
22862
30498
25950
46525
24147
32546
35747
36203
41353
26632
34993
37949
29077
36130
25123
14175
21325
19930
30001
24235
29884
33876
26610
30152
26359
23170
20147
19433
21614
29807
31527
26223
24467
24554
39147
26857
30522
22388
22524
21613
21924
15989
20118
21862
19815
31234
25181
19727
31351
23623
34280
29964
23687
36617
23016
25194
31259
24889
29941
23296
21762
23665
28054
25751
27613
20646
14613
18931
39214
24505
26367
16774
26618
66689
59461
24695
36017
32415
31533
22251
24981
52004
27548
29070
30589
6181
8166
13240
9414
8190
5851
6631
7118
6914
5593
8862
10490
17611
8971
2740
14194
11259
8134
12412
8840
9331
12064
10619
14221
20192
14951
13682
42527
19355
31396
13552
7914
6227
4381
6294
8242
10149
6803
12322
7069
5174
8012
12555
9952
14951
4926
8309
9882
11759
19262
19418
26908
23763
13289
11656
8243
9600
10832
10514
5316
11432
10921
15124
17501
45970
18208
23002
27205
16120
5977
10469
5441
11287
12181
14531
17659
8417
10560
19166
7732
13056
6075
6939
7933
7093
8879
7218
8428
27535
7873
10955
6528
7918
7302
7451
15883
12283
14469
10223
8204
6936
4975
4875
5121
7806
5506
10193
9386
7675
15000
13039
13813
19397
18543
10828
11353
7454
9469
6795
7891
12722
57075
14140
25758
39262
21369
18017
21289
