20116
14554
13884
17224
14342
18228
18963
12295
15631
11539
9063
10444
8985
10527
10149
13262
12981
19395
16540
10983
7870
12017
23292
19607
17266
23214
24109
19835
17444
15947
43853
19368
16452
16949
22401
15566
20290
26014
26439
27368
19209
31311
21951
17123
28220
13903
17946
27314
19021
12887
21351
26421
18182
13138
12556
18314
10389
17342
9523
12990
13733
24851
61782
34432
25298
10549
14979
16279
24163
106618
138358
99893
82364
103404
118563
120627
139079
113355
178845
98630
143061
221379
366022
202867
244841
206681
214803
283390
142238
138463
151353
134923
114799
94562
123885
151594
169100
152501
118176
150919
117706
245382
95692
96061
161349
259444
151825
138658
80125
114258
143480
202661
133640
150438
239658
170707
112358
126812
114620
99365
128210
166518
132923
154597
198765
183387
141923
130400
134124
140035
205862
106310
167220
120845
176892
134563
257800
165841
154343
137203
183380
124207
332270
159876
139990
175842
256946
133205
118373
94445
90637
148475
146376
89524
97606
294671
271528
151891
131613
110302
142301
129900
105042
158822
172501
104549
100372
164934
159938
93468
100996
171954
179526
153138
106248
79747
70494
148629
168326
98693
115952
79591
95451
104322
90933
146092
232111
133841
137803
148778
105941
137671
97169
91030
94158
76416
109936
86833
161893
325373
124967
93378
109519
142453
112840
162725
289281
261577
367273
335134
282260
283462
248888
196601
201685
200816
157324
109787
95783
132247
119927
159571
104872
157658
117813
123875
190282
116185
109510
96262
120378
177597
89117
151317
109395
173123
151966
96513
132074
230188
240918
210973
146137
208677
157980
154673
186377
170835
146307
161377
225633
240430
151850
176929
209424
140383
