161441
155187
195237
396723
310225
171107
195820
220527
174069
110412
159912
125869
123001
100752
110590
164409
161399
124699
156645
124857
87253
174483
138089
154141
92208
125111
122908
124554
105448
80424
106589
71761
107419
113965
86160
109229
124023
94732
111075
74436
215010
85900
115005
83881
123399
142482
136716
79331
89146
71021
96307
93344
104539
71831
87042
88277
91722
88907
24112
13631
13025
12938
11908
11299
11305
12841
10695
9243
10658
14386
13224
18566
11317
12390
14793
12734
14530
12364
10385
12712
13068
9651
6563
8987
13749
12674
11438
14072
14749
15259
11714
12518
7700
11667
16194
16133
16219
15106
20793
46670
24349
26242
13259
15647
10944
15684
9937
15689
15791
17135
12174
12127
10329
9242
10864
11648
13522
19828
11313
9754
17189
19903
20209
11834
11536
12226
12447
9233
8642
10652
12400
19404
11867
30593
20196
8242
7324
6440
2417
5561
8574
6562
8117
8228
23526
16855
19395
13324
12272
14256
15132
8180
15923
10611
11576
16591
15580
11672
13470
8812
11731
15277
9851
14782
87272
39742
28329
20462
27151
19042
25332
24147
14039
13452
10319
17680
16254
26537
18224
16142
17013
21635
15980
22054
16099
16214
14884
10601
16955
19754
17107
16510
34795
19922
21145
30594
14511
13038
12937
17798
15455
12794
13728
13763
11787
10947
15744
20512
18376
28852
31515
16478
19874
34664
21572
16012
14852
58137
42896
21837
14545
29872
17780
15541
17207
17884
19781
20888
29880
33903
26306
18174
13499
16621
19558
15477
10878
18900
25731
28852
11262
17499
14526
12709
13634
11692
13252
14457
18507
21868
17771
17087
21526
12751
15175
14960
