13505
9012
14701
11503
7915
10357
17356
7071
18219
15308
18494
11787
18113
16674
10155
8702
7580
11740
15198
10620
14202
11784
12733
23512
22947
22368
21458
84496
24414
16684
15471
14455
14378
12906
17572
11479
24055
23758
13906
11295
17712
20009
19173
42138
32668
37459
31126
38402
29778
25495
36759
53670
33182
20797
46992
61782
34880
46094
42282
46285
55541
46002
20001
50765
79505
65551
58573
55138
91404
80368
45220
46918
45348
46372
55027
68232
51145
30951
43294
36085
47292
29241
27095
41474
39016
45988
25469
36709
59423
45553
34569
34323
47670
25756
35037
21034
20586
42682
27179
28935
39935
29704
59512
37808
32007
16831
36208
42259
31107
33641
35445
40106
49239
63881
64483
29511
35105
38803
45321
29456
39175
43784
43162
28762
16978
20404
14735
13898
11128
32272
45642
26118
49513
27178
24097
43537
54316
33561
41480
77808
66122
41858
43252
32209
85372
40463
36759
26170
47269
44553
40126
63597
53609
27478
28638
32638
30378
40999
41819
53071
45852
27297
40632
34334
51774
46779
32126
37010
41779
31452
50009
35880
23469
36255
27627
33183
24327
24854
33226
22673
60155
77796
49753
33728
26176
37691
26839
15918
24055
26881
23462
26778
20118
30548
38952
39766
18642
48661
71205
53079
51236
46347
41158
41098
47929
40927
43205
72487
66271
60031
75626
63322
52325
70350
90887
89153
46425
33763
32564
40230
32969
29251
43231
34801
54840
45333
30496
61866
40274
24040
27892
31955
32894
31780
41856
34993
47625
29499
31043
24178
29569
22265
17645
23704
27180
21889
41853
32431
25237
45927
21834
49419
48768
96958
30105
45335
