74054
29866
21488
26464
26198
35762
37022
37324
26795
37226
32902
33997
37992
22000
21293
36777
29448
26070
28934
31513
31992
59123
32424
25471
27271
57601
23957
21102
29029
19824
33676
19628
43326
47437
41321
32413
28553
25564
24037
78944
58080
121734
62656
85890
70273
60332
41526
39756
40344
27313
35739
50350
20604
20380
28569
25335
34966
30523
36785
62323
66965
111425
205268
133677
137536
67835
91587
67232
124457
48818
56766
43664
62482
45323
84923
79976
57991
80036
54600
25914
23324
29314
24463
26797
26069
68600
102187
46309
39622
56488
181645
124238
38461
26008
35953
50899
130739
117953
65993
47186
65610
56214
297648
154977
124745
100063
69989
61061
223828
98855
40870
31973
24011
15811
13681
16846
9556
11767
7971
12173
16239
17622
13202
6731
12388
13454
7927
8627
13039
14395
9994
15413
7875
7847
9860
8372
7986
5911
8367
13115
13459
12053
13036
8919
7641
11482
6789
5154
9974
12837
8513
9124
7215
9320
9263
9530
11010
13027
7862
15864
10481
9974
10113
10770
6911
5612
15203
8295
5494
14808
10199
8438
7674
11761
7522
12601
11630
10146
14381
12571
11812
11671
7716
5021
8903
5682
11720
8722
27001
26273
7100
6444
4937
2745
3076
5353
4891
10968
12613
14127
11401
9828
7577
6363
8256
7384
7293
9689
8446
8286
13352
12833
10063
8634
10974
8405
14510
14356
8042
12530
23935
17948
14337
11697
8089
8973
13615
8344
6749
11245
11824
8449
9782
8473
8393
8119
11643
13834
9598
9423
13659
8944
8480
12772
8733
13259
9826
8132
7142
6523
15584
10907
7056
7123
7766
7272
