7057
7088
9362
7991
6589
6950
8706
12295
7633
7461
7295
7846
6368
18069
8554
10143
13341
7712
7968
5678
9360
9191
12668
14671
11135
15755
18679
26583
27852
17474
14084
10193
10193
14161
13271
16873
10050
17913
15887
9164
18285
12245
14334
12303
14355
9344
7079
14033
13215
12269
11518
11821
7915
12247
9973
12782
10691
12430
15199
11867
10434
10884
9682
14477
16453
9949
11315
12403
14019
9233
11283
12496
11145
9510
12783
8529
11554
9621
12709
8699
7287
9490
13006
13065
11096
9765
8721
6663
13903
8404
9871
13014
9822
10941
8934
12439
9088
10348
29555
17282
21285
19041
17777
16874
19603
24097
19978
33689
19824
27331
40794
48696
35168
25823
25445
21404
40342
14313
28741
27149
23252
24123
18178
25558
28605
31893
30878
30173
21955
15290
24799
19665
22250
24047
27465
25785
23988
22398
21300
22024
29857
31869
27224
26713
32540
21540
24663
31496
24652
21579
32237
27329
18780
21486
139554
54145
40951
22390
21727
19174
13146
28690
30698
30664
22868
20976
42703
31122
30740
23831
21133
17395
22518
23607
21817
43445
23430
15726
16157
9464
25781
17555
16029
13252
24370
26483
35975
18760
40751
35270
28668
22852
27018
39565
22301
38851
45104
54794
31099
27906
31115
40766
33462
32029
29686
28887
36419
30458
16311
20297
18966
17619
24322
19571
17338
24275
24314
20216
22082
20079
27171
18336
19860
28438
19207
19773
29349
17331
22703
25726
22194
20631
17683
17452
23982
13478
29935
22868
22655
21797
27582
25560
14991
19628
18773
17445
19571
20340
21899
20952
26729
17784
18774
13223
25941
27686
