27079
17197
20726
17019
31917
20552
22410
31488
31065
26217
21135
29709
26454
47313
40478
28545
25491
23556
17214
29668
27752
23700
30659
31801
54706
28908
29639
43224
26709
26502
33479
47019
21004
29518
27082
24471
27182
19350
17896
18560
20860
14316
15217
25938
25571
27230
22155
22148
46186
18800
32074
38805
39563
19588
20829
27359
24135
21296
30354
20678
13190
16855
23672
19036
19359
22893
27157
16298
14796
23850
27922
165165
89730
56173
35073
21325
33027
35347
33512
53269
29843
28263
24026
23161
19407
29294
26946
34259
31062
27808
23953
40372
43044
56204
65768
35140
36888
28421
31162
36710
33650
37355
30276
40506
30077
30065
52180
79686
44563
30743
50883
52009
27581
38082
37018
41585
31477
190834
41027
29346
26252
10784
16979
17787
15303
13439
27495
20868
38544
27072
42805
41152
46473
36708
30808
35937
46870
43753
89301
73799
42604
56673
58055
43335
68487
54129
50880
80616
59715
64163
35048
57293
55515
53840
54558
57277
51900
105158
104662
66709
70255
68609
69524
44898
62199
69261
74714
74495
58997
37230
48340
49342
39427
102588
41516
88357
59257
46637
57664
50115
74658
101901
94041
84783
59301
65402
45047
57533
46506
56222
58836
51899
58413
38133
38819
46014
44679
76422
64314
44834
61184
56155
64338
38213
66323
62996
175124
74357
121210
176148
216671
148640
135129
83343
147063
130255
85883
89026
93933
85522
134259
117722
115432
78464
147270
153553
97825
70694
67228
55924
61584
97017
68457
81418
89696
83872
58180
66956
50626
42804
58800
43820
81886
47530
58832
48889
81853
35262
114366
69629
89203
57195
109054
91198
74257
57524
