74009
67223
55145
45792
51712
51246
85600
92314
79230
63289
55393
69225
50870
68704
45421
64857
47721
58568
34444
61751
53689
53457
51774
46357
38130
49787
63868
57702
41188
10172
6431
11838
10608
6334
11124
7690
9690
9495
11976
6483
14340
18070
33000
12233
17883
15289
15387
14134
9330
53446
23244
12771
8926
13031
9412
12021
16637
13192
25537
15892
10196
30223
12961
15749
10628
16388
11551
11059
10848
11978
15595
22244
19988
16175
11389
21237
12764
14592
18471
15084
12946
12260
13330
12001
12895
35652
19621
10301
9859
8207
5687
4075
8512
9023
14184
9277
15204
16135
22261
21445
10581
22963
13797
12599
14174
9396
20355
15472
9296
9648
2506
4939
7002
6239
7240
10143
33868
11870
14766
12416
12055
8620
8689
6194
13342
10503
8364
13215
13450
13988
12061
21485
15842
12275
6510
10556
12796
21473
13635
15582
11631
10176
10124
16728
11323
11270
10655
10251
8666
10218
8409
9408
9732
8997
13605
10142
9314
10989
13071
7949
12199
11959
13395
7970
22848
26626
11926
11344
10878
8510
11563
9970
10231
7563
8738
12861
11787
12989
12972
8675
9692
8869
7012
11188
11087
8745
11015
7705
6012
8176
13539
19247
13158
13430
10273
11565
15047
24316
17918
13563
24852
27758
17673
10086
12389
10113
18879
21482
19081
21321
19542
27904
20176
21239
12249
13627
16676
14356
13572
11132
14878
12026
15930
10120
12575
14085
9708
12360
9492
9231
11642
11614
9199
6474
10395
14620
12837
14237
12477
16886
14270
16830
12108
10325
7867
7507
9316
8217
8217
12182
7050
8883
10800
8806
8800
9743
