19242
7983
16330
9015
17543
19184
17472
8809
8653
9293
9386
9036
9344
7264
5089
9467
8284
7117
33497
26876
39257
20120
18181
20753
21953
36642
34671
20835
21143
28656
33788
28990
23221
30485
62389
44575
35033
36494
46941
28701
32400
27449
18283
21520
29742
48380
31860
28318
23943
19742
22260
13674
10221
15805
24329
14196
18733
31315
48030
29120
23000
17179
27269
22703
35862
32343
26109
17874
19156
18040
16077
17546
21244
9095
12569
15894
13591
11643
9046
8103
8435
13105
14453
10130
22565
15490
10040
13940
21786
14903
21506
13765
16736
16173
17025
15466
7832
9738
11978
4625
7912
9013
9549
10731
14383
13366
15733
34953
30255
15161
35319
26223
32643
40250
20474
44291
99163
40100
36051
33081
28357
53350
23686
26772
33701
28210
44769
40525
22052
20282
42182
24061
19782
17484
23994
21953
31475
21990
29282
30980
20357
20502
20301
14188
17039
17796
28158
20253
250670
51695
40195
42371
42857
50253
36102
30575
40536
24711
23277
23848
37008
35927
17769
21367
28709
18272
16097
45286
51961
31805
22298
23494
26711
28592
29466
45942
24875
37438
99032
46372
29503
36603
35255
37244
33709
41199
21145
29111
40751
70794
106012
63243
38353
27457
22866
35801
31481
44027
27072
71638
48243
40915
42587
36925
27368
20242
21739
27351
17042
29809
33235
33328
37248
25424
35215
23616
20688
19047
21490
34946
20890
19884
21290
23244
29367
21199
28646
31632
36835
30994
28330
42534
24758
19050
15618
21418
31169
25777
60933
21309
53928
55408
21751
23420
17415
28266
21893
20082
20631
17799
13507
16402
18533
30956
17559
28542
