32328
21694
17164
18728
24610
30836
25162
262324
187294
264942
238756
262360
204448
211579
362794
221334
208188
288525
265967
253767
195323
215680
248211
235589
249601
321000
144462
167078
371259
232951
177414
161380
296829
272550
689792
453671
294124
262147
184600
226089
178019
150893
258965
252811
306580
265255
236263
259069
192140
211631
238765
197885
182046
232953
325078
282672
297614
230296
220597
263068
355942
194242
232470
276135
336351
371349
266162
109270
75560
165138
287867
181893
839749
527809
775796
559074
358833
332576
200683
172797
183261
171355
219891
322312
119409
129316
115149
31368
81062
86737
88418
81229
135733
177464
138708
151073
127269
190545
181428
157668
174117
216179
126594
216883
328862
283327
152465
212846
203899
193093
271932
163406
192631
291909
227189
267215
156639
243946
217108
182359
275477
200246
133990
127185
259774
197889
172408
269118
230778
217389
230059
222953
230191
156437
163473
167081
171982
188126
105139
144375
125600
198697
138039
154910
241706
155548
208278
177245
253959
131184
147137
281509
273602
194385
132501
113547
307285
161586
143338
125291
232445
205006
222301
270859
190825
169624
145007
154497
150041
184766
282793
391337
481029
409325
348720
240742
244214
583227
424222
473462
423394
469955
581432
299399
239473
220906
221112
282778
352717
162289
424439
260671
212814
251252
219032
172644
246233
206638
209318
191776
215760
264984
153665
172189
151899
135485
181496
116299
269050
169206
231521
323292
430677
309612
289252
312545
186928
390921
269172
385808
193999
302528
292054
170459
228599
270388
212348
222364
352042
207916
196924
152921
217314
298957
240182
270170
257611
144230
174270
208149
436743
188548
226058
228923
231983
147365
122953
229741
207020
168055
7090
10267
5528
10675
8622
9730
