241706
155548
208278
177245
253959
131184
147137
281509
273602
194385
132501
113547
307285
161586
143338
125291
232445
205006
222301
270859
190825
169624
145007
154497
150041
184766
282793
391337
481029
409325
348720
240742
244214
583227
424222
473462
423394
469955
581432
299399
239473
220906
221112
282778
352717
162289
424439
260671
212814
251252
219032
172644
246233
206638
209318
191776
215760
264984
153665
172189
151899
135485
181496
116299
269050
169206
231521
323292
430677
309612
289252
312545
186928
390921
269172
385808
193999
302528
292054
170459
228599
270388
212348
222364
352042
207916
196924
152921
217314
298957
240182
270170
257611
144230
174270
208149
436743
188548
226058
228923
231983
147365
122953
229741
207020
168055
7090
10267
5528
10675
8622
9730
10841
16544
9101
12932
17705
9979
7007
6706
6037
11428
10622
9440
17453
10127
8899
8441
9679
6986
11537
11215
11116
12238
10136
7959
12309
11278
10833
7126
7493
12052
16305
10611
14126
10211
9504
9867
4936
6894
9016
7026
7390
7465
5741
5209
5148
6425
6405
3125
5700
5856
4800
6698
5655
5848
4506
4375
3909
6555
8037
8038
9320
6819
5514
7313
5580
7619
6967
3073
3306
6918
4437
6566
3016
4581
3267
1265
4891
3871
2900
2867
5320
5670
5045
5880
8942
4484
4865
6201
3212
4612
5040
6098
18160
11537
7359
13665
13297
10513
7806
7445
6939
6910
22447
17088
14201
7558
10563
10598
9005
6566
4178
5023
10411
8126
9412
13259
10786
10923
6923
8814
7287
6044
4230
10008
11718
6724
5681
5072
4947
4303
3565
5223
7932
3530
8663
7762
5696
7116
5478
4298
