10841
16544
9101
12932
17705
9979
7007
6706
6037
11428
10622
9440
17453
10127
8899
8441
9679
6986
11537
11215
11116
12238
10136
7959
12309
11278
10833
7126
7493
12052
16305
10611
14126
10211
9504
9867
4936
6894
9016
7026
7390
7465
5741
5209
5148
6425
6405
3125
5700
5856
4800
6698
5655
5848
4506
4375
3909
6555
8037
8038
9320
6819
5514
7313
5580
7619
6967
3073
3306
6918
4437
6566
3016
4581
3267
1265
4891
3871
2900
2867
5320
5670
5045
5880
8942
4484
4865
6201
3212
4612
5040
6098
18160
11537
7359
13665
13297
10513
7806
7445
6939
6910
22447
17088
14201
7558
10563
10598
9005
6566
4178
5023
10411
8126
9412
13259
10786
10923
6923
8814
7287
6044
4230
10008
11718
6724
5681
5072
4947
4303
3565
5223
7932
3530
8663
7762
5696
7116
5478
4298
5136
4729
6847
5769
5206
6805
4085
3888
5319
9265
5238
8477
6922
6160
5550
16129
7235
10266
7941
7993
8897
6707
4676
5941
6345
10439
12413
9661
5858
5408
4005
7782
5244
7192
6786
12903
13286
11296
11592
9455
6926
5703
4813
7301
5168
6335
7903
8603
6645
6961
5765
9795
10081
5005
7964
7325
6126
7530
4909
6327
11330
7487
7550
6864
15721
6743
8117
6545
6708
5773
6772
5537
7396
6308
11328
4430
7705
8872
6872
5530
4281
3852
5054
5514
5135
4003
4615
4285
6510
4778
7513
12561
11464
6072
6583
5285
7123
8226
24132
14451
20768
25463
25476
15113
25697
32105
43640
21668
25424
26506
27841
25354
18522
27889
23232
33468
