19706
36222
27919
31893
30594
30680
24855
16935
37164
32274
29085
22617
28143
23810
34203
23239
22797
22369
24745
19704
18308
25047
21541
23022
32510
29751
25021
29106
27297
25132
18561
17922
13484
16983
21436
20826
23584
14686
13344
13877
16441
14877
19855
16365
7557
24838
31749
80081
33929
23044
31734
28839
25554
23492
18411
17117
22442
19174
13334
19356
22056
24107
10793
3571
8551
7729
8112
6834
11491
15922
17458
35585
48479
31597
38417
24133
18028
20398
16893
20020
22642
20493
16264
29355
33690
15381
21109
23022
83998
34256
27655
32149
20978
26411
21984
40533
41980
34997
24007
17450
19466
19935
24514
24287
21925
16749
23412
31128
27246
26107
25502
20691
25041
41129
23900
22199
25896
35619
34641
38870
30432
18205
30153
31314
26158
18801
21769
22841
23969
22628
32738
24153
26302
31176
31112
28383
16565
20475
21290
20882
18736
31732
23560
18810
23340
29469
93739
46235
40122
35661
28909
50145
44790
89613
67502
48557
29468
29812
28559
45685
40336
26256
37835
78003
40748
21621
41945
35624
23773
31707
19117
27795
34278
41482
30627
29233
34172
39827
25853
26191
26522
31044
22589
27964
36874
30504
24026
26252
53430
30460
44990
32687
51361
37668
39139
43625
39376
34008
31556
42664
40529
45631
36251
19243
24504
32411
27241
30886
29174
63031
30434
23999
25808
23882
31438
28864
19412
25422
18797
30472
45833
47365
20554
15089
24475
34418
28340
32735
39461
28166
34301
31014
18415
29048
59472
49840
28546
18019
32876
18192
26639
22021
57548
100056
36327
39819
28285
21541
34563
19475
17899
12207
23816
30440
29370
26956
