22029
22269
19479
51658
23258
31218
38160
47583
28788
14804
25100
42455
38253
23022
35803
50700
32887
39253
37038
38453
54769
45104
58548
37588
63434
31758
75503
45262
108062
34073
35367
30434
24338
9373
22233
36046
36903
20390
22047
37719
20592
48778
29055
27879
32494
62564
42633
32862
33921
40962
34563
18865
13848
19685
32864
35747
27176
58754
42885
46717
59092
23987
45367
29068
20729
26448
39987
18606
32402
30186
43048
27416
32431
30609
29803
41426
31403
24457
24433
30152
27232
27209
25760
23973
39926
33949
19121
14755
31774
43044
23157
30546
46453
30153
26411
55025
51571
54192
45271
25492
35321
40259
31654
13950
14769
11878
18514
19014
21972
21135
22467
25586
21804
24985
31027
29130
20991
29903
30933
20374
20078
40704
21219
18987
21716
23893
14687
23791
36218
31908
50022
25607
34880
60102
63752
59876
31762
27020
28809
41084
34934
46349
92567
75551
34171
36306
22377
31300
40575
26230
31100
31367
38764
31131
17626
58667
83075
33955
30277
23396
24613
17152
31591
38841
27100
40802
24485
32111
20163
20395
22581
18419
21672
20546
17726
21741
60981
52888
9825
26026
25467
46923
21707
21000
18587
22335
29127
30011
28150
50393
41765
29392
45069
29632
30503
27721
22811
26441
58557
53991
26730
36117
22321
24692
36299
14754
113154
117728
40309
44169
46847
48719
24612
66055
41495
36580
27837
27896
17638
33224
23505
42759
26660
36998
26877
33184
35536
55760
65758
275196
72567
49959
49433
77545
71388
27959
35703
39329
29901
30142
21955
36211
61028
50532
32512
30902
39265
29380
37009
25753
25762
28438
33019
34440
28755
55334
