25881
36009
37551
33919
32647
37357
50615
22765
23773
28044
29998
40422
40760
35618
35364
21203
30213
66061
41255
33748
31835
26372
10032
36682
26022
33196
42823
65595
28204
26152
25775
46183
50223
30785
32473
46104
31150
54599
44450
29709
36489
12474
18656
17054
17300
31112
22396
42270
57160
59628
40503
21749
45633
22942
22621
34058
38090
31331
57053
38792
36535
43175
45901
59068
39186
49893
46570
36096
57177
50843
44103
51625
44200
39528
55292
29753
34071
59633
43730
23101
28393
31717
40756
126268
67942
38068
37251
39377
42506
29685
26376
28479
19361
16168
22514
23351
25846
17574
40856
35525
33834
20317
17833
31730
34433
34177
36476
41108
24025
36173
48594
28893
24596
20886
16152
13720
15750
29154
32396
19423
32133
34529
14944
27095
26083
23036
33769
43007
29172
45522
65886
93886
70854
56701
55733
65560
38149
49452
31966
56753
61583
73401
51278
26544
69418
56412
29180
52676
30104
31663
25510
52250
63180
74085
95119
322340
46592
43818
35590
40910
29254
43133
28541
41858
26361
34094
77570
27368
47515
51457
52088
33359
90793
43089
57525
23453
23805
36419
44287
29353
29749
34777
24533
24133
22330
22797
26754
39699
25607
33043
31895
26458
30627
49767
28297
32103
34182
40467
34313
32091
32857
25848
34134
32350
23751
24594
22554
23843
25207
34943
16269
20112
27521
24062
23453
35691
29670
31900
32121
35582
52923
58381
40883
35830
38259
43761
48067
35175
34256
23217
24126
33064
29832
26352
34313
39550
35273
34139
17446
25859
26920
23382
29253
34475
33216
29419
38537
75056
36651
35761
30317
49255
22927
20786
29493
31218
