35427
28503
23545
24696
19880
23737
27953
42079
42935
27655
20664
14920
25256
27505
22004
21987
45333
21560
28436
19829
18860
24847
24744
25267
22470
22007
35282
29604
27345
34810
12265
14999
19778
16440
12152
35396
31875
33760
27721
17811
25792
31135
19605
20655
31533
19387
21176
38478
59782
20081
34792
35869
34593
59981
46100
34484
25793
44561
49747
27767
44613
33447
43408
48898
32056
33402
32627
25049
32167
46498
34966
44074
30835
38740
41544
29888
35982
38434
29620
23554
23300
27996
24417
94240
73280
52998
48599
60116
89002
52365
74801
94068
346253
131939
81243
81596
100163
70839
88825
66880
54739
74427
54899
40839
93496
63745
89157
85051
66699
58738
55971
58295
70077
54237
59366
103469
86041
54625
53196
82614
87360
82583
66984
85521
58311
43075
41371
58096
67464
101034
94107
88116
51342
57990
45684
48607
44552
40559
50106
73516
88296
54783
58876
42624
42355
33576
47854
49605
34309
48876
51547
35349
44272
38845
37079
60350
30510
44290
36877
48864
30149
31009
42366
23177
32278
26521
35042
21960
29780
40582
26273
40983
53614
38169
59688
29212
40083
31159
90155
41157
33758
26405
28459
21717
28971
22555
23812
30882
25678
24297
23955
37480
38990
29554
88939
94683
77773
65684
47434
47559
67770
98780
93609
59920
44483
91953
72465
49204
66368
120406
116787
81784
88076
71759
65101
52525
53887
72782
60417
66703
73939
84403
86982
107367
70888
78245
69719
46906
52654
69659
91756
140923
83721
70741
51995
59508
97069
206756
104367
77283
82337
64825
63159
57826
65398
47268
49478
51260
82411
46461
47007
72513
73340
48813
44007
41815
