26671
49545
65172
52652
95462
119645
60723
55586
62778
50141
66894
48893
58925
46774
68249
93111
40220
33506
30787
16157
18942
21606
17804
27168
44474
80303
58189
78855
69301
52998
64918
60790
43026
72235
77708
72802
117877
220229
175339
135043
114480
104550
85563
84218
99622
54314
90954
88698
48950
54089
46724
48010
70143
82404
64321
53297
60760
68735
71995
43330
52677
38243
44203
36175
54167
94982
100424
40080
67991
57889
48383
65312
78033
78731
56057
54786
77845
63500
44311
51310
63471
44697
48706
46416
52645
39699
56901
57649
61646
52799
34457
70304
45245
91937
85150
112269
59680
42445
51030
62609
108600
72976
94399
53854
56791
55488
79348
75134
77567
122466
111352
72567
83864
79206
64607
125829
118463
122526
122296
153384
122247
57975
88661
61363
42825
42964
44895
50161
51512
71390
57351
72683
73649
67541
67174
57848
88368
63095
53871
47830
68207
72453
51547
67633
62943
37940
70439
54517
78635
42470
49889
69296
49331
40758
28605
57869
45402
91295
76390
47989
75040
50588
68366
103995
43391
65339
49918
66605
45363
57629
47609
42783
38210
46267
25757
48115
46513
82069
44975
41823
45481
63184
41556
18690
12772
13873
8019
8353
9721
11300
17602
12332
9175
10375
9222
11534
10788
12523
13303
16019
18914
19304
11464
11535
15829
11741
73673
31234
18858
15836
11174
13877
14436
12093
10640
12098
10811
9228
8988
11840
9679
7530
20730
10730
24963
15429
15914
19958
52368
25631
13602
13009
8105
6024
9293
14358
9664
7977
11290
10318
10935
12918
14968
19801
8884
3904
9865
10382
12455
12241
16505
17900
12073
15534
13870
18831
