37733
16838
14153
14843
20090
9921
7405
4697
2429
6097
7546
6729
5419
11286
15782
11582
16881
12561
19464
10154
13509
10081
9294
9567
10964
14688
14377
7460
12906
24841
13897
15909
14415
18222
9888
8756
18150
13620
16019
10948
14223
18057
14636
13670
16253
17139
41213
18292
20187
13209
20036
13139
14212
9546
11564
11779
17046
12156
19321
9339
13791
16486
14157
15075
22956
31614
27663
19262
15522
19155
27443
12248
11077
9481
12304
12342
16441
17435
9835
24189
8381
18819
12172
14215
25964
20030
17156
14570
15264
25479
17416
31822
18785
53034
29424
20253
18535
20334
47879
35934
19645
19358
19177
20719
30819
25454
23752
26699
24039
20734
12977
30916
27010
22700
22548
22286
20499
27838
38965
20969
24739
19024
15043
14366
13075
13252
16112
14159
28055
23876
49371
21691
28420
18611
33903
20856
27312
20741
11360
20621
12567
25896
12826
8531
9430
11992
9372
10808
15740
18956
38108
36047
29897
23910
22931
15848
13906
13441
12812
23294
16723
14663
19943
9829
11775
14642
16929
16798
19256
27065
26613
16794
32930
44338
51933
26968
23716
32969
32403
62018
38622
27871
23387
48689
53408
34571
29512
32981
60327
47134
51839
51957
39288
33097
40232
25009
20940
30421
36601
63683
43487
29783
39456
51925
46739
41702
34060
26277
33742
39536
63694
85543
66533
60565
63310
33678
47147
35826
43692
43589
28817
32018
40158
63348
44417
48562
67937
87635
29121
72140
58950
48094
51775
42021
21587
54649
33210
42306
40857
69807
38470
42699
29446
45551
40185
30311
31076
32412
25411
35095
31802
23811
15614
4989
14300
21888
