17953
10575
33506
32233
29682
27191
31399
40257
51858
32438
45116
60357
55596
150212
103707
71650
56381
53871
56711
65237
58840
37628
47141
47743
50027
88260
34564
33660
29648
40286
47544
34788
44889
37392
34338
47201
47495
43557
51174
38155
53973
45176
45606
41696
32999
32486
58090
42281
26452
27815
31326
32045
21721
26173
33314
40345
38218
31773
29676
55523
43549
26885
33613
31538
26496
20459
38651
25786
34752
24397
29655
34724
35745
52425
62270
60851
54866
65368
44180
32283
40805
43702
26045
33360
31858
43242
39675
57812
57877
39490
43748
25406
46428
66287
31757
36222
58184
66121
74216
53238
57811
64453
66346
42257
37707
41775
42824
48483
43278
46709
49899
76904
42196
39870
43750
47543
42170
42936
40982
47254
33237
45941
55092
30589
66520
48427
52249
30981
74096
67032
50905
30899
30680
33012
39965
27151
54559
50749
41624
35388
38512
35857
27771
42248
24896
28718
36844
57000
79317
66842
42272
31205
24908
28441
29160
26714
19121
21000
26136
27457
29055
7625
11344
12374
8536
14525
8306
7875
13501
18995
13078
10496
8076
10735
11835
10763
12912
12986
26381
17797
8585
7448
6873
8501
16569
10545
9018
9825
8264
9819
7360
10131
7896
11762
8427
6344
8065
7134
7409
6087
4836
7977
9517
8632
6681
7348
10331
19372
21875
11632
8407
6942
5801
4942
7957
6294
7253
10979
8356
11992
10304
9804
6256
3787
7758
9115
6936
9551
24204
7769
10417
8689
5080
5494
8588
6406
8551
5375
7961
7867
8304
12710
3966
7464
3304
3565
5080
8280
5151
8953
6054
5931
5786
5883
4282
4111
