6359
7614
8145
15322
7706
6797
7621
10098
9684
11838
8674
9135
7845
8905
12423
5941
9911
6538
5995
6248
5145
8598
4546
8046
6106
7657
6694
12883
16422
16441
19144
11650
13729
18550
8921
16383
9408
8779
4765
6405
9275
8200
8990
36285
7975
8159
6305
7260
8789
10827
7375
9962
8286
5239
9857
9287
5656
5271
11668
10161
6545
7164
16223
12065
5220
8127
19849
31501
12810
12890
15847
11147
8852
7492
13386
13010
15814
15010
12312
20813
11605
12952
13448
12483
10839
15999
20752
25664
13044
15156
11614
9668
10558
9955
8635
7733
12584
12868
13033
12913
9427
9719
10331
9402
6780
14311
9633
6581
9154
8539
10062
25825
12312
14725
11670
11149
7934
9727
9163
11110
6531
9457
9759
12163
13748
24129
9489
9165
12091
9032
9531
10132
7400
6899
11592
10751
7334
5964
7350
7512
8856
4945
9080
8301
9164
7819
10365
7959
10432
7015
157013
170493
117706
155404
150436
66485
102877
152995
105925
71940
84809
102451
101052
107020
111792
147651
120618
109320
123150
95526
79220
144306
117475
88799
85482
114149
169892
239582
268517
175511
185269
246226
287938
124278
92244
118162
163335
170984
132866
130034
104623
134781
110607
110550
164703
198133
259132
95294
84478
90987
136797
107655
104193
97923
94688
84231
84691
96936
118538
107461
105667
72340
52571
84253
81649
68307
88366
104169
70727
100908
91979
91950
70723
103455
78776
79893
88724
148914
85736
75859
50152
22345
40306
46904
44255
59753
105816
76898
88675
58322
55528
68369
86201
72251
67355
88405
86745
94333
157660
134559
87347
110742
120807
137058
169050
112300
