124322
103183
133513
153051
79418
133467
89920
75248
106274
114178
121089
95815
94630
83564
106008
78104
91294
79369
87149
101002
138704
103388
116184
62269
96793
121441
77595
76380
97285
117481
120626
84789
117271
82045
89124
147415
105230
150100
129100
92246
122586
90918
93743
74246
107167
146502
149521
141856
143218
114172
111092
132590
108934
92197
90792
94676
119272
109206
178538
174871
137143
148448
124283
146596
147758
203922
203225
149904
129729
96473
107029
124135
126073
129792
137813
242092
182181
131824
170772
132493
154453
118677
135907
143764
138554
143292
119506
147383
130641
144544
68280
125388
125181
80561
104505
108375
83471
113065
108580
148221
227195
102759
138947
147377
144085
72388
157975
120680
87238
86242
94335
86013
79622
72939
86952
71101
95340
87043
89361
79808
64321
82520
113275
113965
121484
137125
99142
101540
84735
98162
63768
93723
105785
78349
64763
71881
88261
74963
98021
39747
28395
62594
55748
58910
49940
37887
55055
42680
122317
45933
39310
38868
30314
30851
33299
39240
39791
45616
48477
28338
29523
33893
61370
47861
49395
122358
51071
57607
42970
58691
111172
50327
57518
29156
47338
34613
28803
32306
35024
33842
41532
29216
21544
27665
28767
30270
46686
27492
36981
30786
31564
24675
32663
33074
31168
22407
26963
27505
25779
24697
14832
33991
44185
43163
83271
49372
24223
38533
37463
55775
31972
21748
27948
28595
28767
45407
21139
30261
29456
16813
17482
17944
16784
18628
32801
27758
37228
45275
23482
18303
21132
20520
21456
30817
25586
44847
34567
42212
26905
35304
37761
31970
54140
42979
52314
52690
59626
47937
33197
34868
45204
40307
43375
40428
26630
22753
