25100
30042
30811
29081
35339
36818
40316
41298
101534
32860
35147
30203
31869
32485
39571
39386
25846
24805
31152
31562
46874
23725
29377
29099
25914
23019
23754
21214
25481
26382
21540
35890
38971
44762
28048
45534
41915
67630
57545
54442
40408
37032
30331
39296
40173
28745
39490
34624
28837
49606
40513
60463
64387
111758
92866
83792
54431
41519
50077
48904
41301
43087
43502
67569
59660
33617
61213
61473
87644
35010
32056
38988
72204
54989
34149
37265
49268
32771
30929
25107
51001
28768
28289
36572
27955
27163
25411
37725
44888
30435
46098
53767
33851
33646
48133
75926
38957
26445
32072
34281
29495
50202
35749
63434
49772
52843
49053
34944
69299
30777
34397
29738
36286
32467
43645
43582
30302
23917
24335
28474
32689
22706
23953
26416
29462
28961
11852
9669
11745
8963
22769
9179
18097
21645
11612
9450
11771
18583
40511
42832
38513
22669
38559
26063
37387
34845
22210
31095
19817
21774
12551
22129
22296
25739
24730
26186
29936
19795
21734
20778
23881
21534
16979
16422
15233
18854
18568
21248
18899
16801
16724
20786
15288
19863
13662
13406
16560
18087
27501
14049
16174
15898
21630
28871
26914
46436
31301
16262
12327
22880
20298
21060
20029
23889
14373
16015
13923
18926
21367
12593
31831
12862
46871
66224
19527
17156
25649
10436
12477
13162
13677
11546
15742
24970
28294
32325
22031
28276
26015
24854
19762
37944
18583
16054
24145
27383
16915
18660
23459
31395
24906
11890
15811
18093
34302
30187
19567
28235
16622
12948
29359
23290
29724
23868
20545
29364
44987
32287
26186
25090
21016
24984
26777
32015
17472
11320
