17635
20720
24823
18494
17116
20420
17678
12898
37613
13981
12532
12066
16912
16796
20894
12400
16106
11677
10093
10611
15458
23727
26195
22980
28964
19809
25121
22396
18091
15204
14934
16116
16309
11742
16776
19571
22304
27644
20348
16317
15648
37725
37968
18496
17911
23027
22942
22195
20160
20111
27963
53033
52489
38550
42442
39574
34700
25867
41417
27790
21921
35067
30488
46362
36302
43005
30806
26540
20924
27743
22215
21651
21004
20185
31926
30203
27224
17763
24876
30613
46186
21684
23868
25338
19109
15542
27841
31657
25200
26017
27526
25405
39121
20281
21721
27682
18112
26799
16873
36008
22990
24961
27088
16538
28406
31060
17911
21936
24441
16735
10309
15202
24347
19477
17542
26835
21930
24641
19479
18623
26305
23208
21604
29693
22102
15998
23712
21052
17783
20278
19109
31539
15186
39770
19624
26284
29796
31503
13361
14330
20034
35193
19131
26314
29371
19154
29098
28616
13612
20326
9767
19005
14590
15810
15980
18816
20073
23709
94854
57821
32953
28496
32337
40441
28151
24127
23242
34421
25201
24793
18262
24175
21815
32008
27809
17353
15316
40289
28253
24384
20097
19800
19647
18588
21033
24066
19046
20093
33509
28462
20090
40770
13932
16060
17019
3346
13605
13734
20639
16462
19330
47564
26962
20960
21383
28710
22226
25387
32520
36236
33148
34139
76491
61189
53789
35318
35083
27920
56822
61534
43087
38683
46060
38222
42742
25884
29482
24400
24123
26581
22768
23930
19617
27594
32888
32148
19031
24993
24961
21404
15199
25598
66075
20116
20697
18172
18192
50075
18480
23190
36145
22294
32492
16173
12998
14284
