26757
22466
10731
11953
14359
17218
13737
16070
12931
10632
11956
16929
19525
14848
18867
21442
38379
21450
18554
17628
19005
20658
21986
19285
15835
23787
21337
43809
39567
51304
53583
29852
23668
38975
29929
43330
34964
47453
29108
38207
90173
40809
31909
31046
29048
33444
30203
18443
24962
32264
26335
26182
34420
21291
29193
17136
29611
27550
21997
29372
23040
24472
23005
55435
19240
23811
29597
33129
13660
24070
24211
27371
14283
20790
19922
24778
26754
21709
12322
19941
20519
36757
80799
38238
28126
22580
37358
26695
24243
20161
18738
14366
17187
18873
22808
23674
18099
24950
21902
14842
21859
22584
95535
43885
30691
14247
19422
18464
17144
24431
13682
16226
14420
21965
22462
33276
15467
29346
21057
28322
20963
17117
14209
15261
10853
17608
19506
11655
17763
15490
13606
14692
26547
12220
23608
11559
15692
10961
14471
11236
10107
6789
9527
22000
10221
14363
13891
28309
16183
12397
10857
17149
15869
17889
13861
23904
23711
41512
60695
16875
14249
17502
18606
9011
12167
14389
10805
8844
9426
14624
9138
17355
11490
9969
17447
13487
8782
14586
10241
34638
21684
25794
18575
7682
16657
19614
30312
13590
19771
19857
12805
12103
13775
15997
52635
51623
26000
21411
15631
18149
22364
21972
24666
25917
14868
14210
15702
14099
11660
11814
29493
31102
12655
22747
17137
16121
20374
13777
16680
20906
17994
12808
13992
26150
49868
25202
26054
20201
14970
13797
17498
14622
23402
20539
16462
10350
14143
19722
13756
13741
15463
16228
12336
11833
14601
10515
10567
19459
11367
10531
8622
24821
17558
15881
19207
24594
