13078
22088
13828
24857
17853
10737
15721
25097
15218
9703
12797
14676
10185
11141
11584
22763
18230
40750
34713
28802
25004
24582
28323
19762
16774
19239
26455
43639
109038
23182
28464
31716
25094
23547
21005
18653
66381
64554
27010
36223
24252
24364
35464
37519
32774
25497
35257
25139
27651
33323
28345
28709
20744
15982
38014
38764
32720
24551
26831
27661
19776
11095
11333
15500
21512
15247
17510
19995
16266
14939
15935
31351
27051
16981
11653
16125
13722
16471
12849
14800
11605
13749
15300
18619
24462
26384
19425
18212
22778
33316
106156
9223
6747
8586
9192
12082
12508
9021
12094
14608
11128
7590
11378
10728
15645
16191
15730
21853
9483
10350
12419
10541
10364
7022
9493
35625
28650
14677
11010
8284
9766
9046
6301
7641
7780
5275
7155
14138
13620
13130
9354
6984
10776
7442
9245
10175
7986
7674
9024
5895
10912
7825
10179
13718
9254
8638
6668
5722
10195
6555
8160
5727
3593
3466
13091
16323
6504
6911
11353
11853
12453
8743
6023
4942
6489
6453
6509
7002
12983
5378
5953
5255
1531
5102
5066
3928
3959
8476
6955
8686
7531
7018
6451
8966
5982
7221
8071
9183
8045
12993
12631
11537
10154
15249
11128
11023
14542
9202
5546
10200
11156
12320
12338
16584
11603
15822
9411
8509
6631
9058
8378
9491
11243
8219
9399
10636
8778
10304
11117
6483
7457
6239
8492
7784
5636
5008
6108
10594
9295
16342
12410
9023
10085
14513
10492
5725
5499
11366
46010
18962
16629
14745
12133
10393
15576
12156
15100
18755
14128
14397
11551
8148
9245
7119
10170
9695
