16147
9951
10765
14641
15156
13419
30763
28569
18123
13403
11754
8420
17326
17320
17004
14936
23388
32404
22339
30958
19675
11293
20159
24824
21137
14752
21471
18350
16798
9946
9289
8889
11089
8989
8050
14206
13427
11940
9443
7263
8923
12237
8611
15624
17849
14499
13391
14800
11665
20654
9587
8797
12462
9585
10865
11014
9717
11569
13182
11249
8249
9502
7457
10219
14144
10105
8396
7516
6576
8648
8137
8983
15178
21934
17095
12983
11773
9264
10961
12810
565934
527027
284097
335850
302937
359458
314098
487540
402543
338352
289523
451211
766241
534981
606227
509268
536584
404316
537974
510812
349284
655495
390053
410756
689470
402304
644800
630438
420385
380453
413958
432600
459068
456541
328016
456004
492127
358606
380280
306446
524604
418838
339147
425287
456819
427035
475344
877422
366193
468943
430818
392374
358039
475981
372092
272369
381062
363226
293011
299882
270842
217738
343497
399471
309905
354853
495395
330986
441300
384534
337047
277390
354443
523946
418193
334391
672280
355898
271450
238575
99005
201918
218972
172032
252109
598591
451284
357167
315406
391158
358528
357803
436838
523075
516495
376074
421350
547674
704316
512935
553167
518078
636232
734318
543860
541089
800354
1260985
991485
699089
603397
505741
424625
564563
467334
485071
411546
387820
313798
362892
331838
371124
307275
417825
514048
506950
402619
570603
1161781
1608875
696607
373404
311671
367685
538942
324658
270879
556617
319067
488630
352992
351426
375282
303886
329761
547494
561965
348061
311242
438409
386233
346134
283743
428638
446100
470164
685294
438907
471698
427384
448457
393067
356685
571688
544768
418673
418961
449769
523569
498892
979079
958944
749121
537649
661616
1436562
