821595
724866
596888
623983
973813
881872
481173
648589
724660
597903
564358
563478
457558
490118
606038
502648
715807
477276
989360
563196
572791
778441
736379
528196
524224
548366
421481
540882
580227
769088
434050
571279
663478
462669
511891
705628
553126
414924
305645
450076
614696
517712
770689
547018
661668
457520
579544
393453
383348
479878
417633
374891
421853
430321
271358
483350
302164
404485
640110
591636
2273081
679240
886283
829486
713317
546626
40267
60517
49520
74307
59069
37713
44579
58090
37376
62950
43158
74177
55014
87578
52624
65914
87072
72440
50679
59048
45463
49953
48991
51850
43216
36280
71754
60214
40805
50736
47495
35731
54040
53737
38368
48659
101945
42494
48909
40984
43084
48487
52782
95465
50357
59482
61090
41716
49259
58012
38463
30793
46058
46853
52260
42317
29248
50192
42869
43193
40564
18949
19518
23355
38243
17779
24611
56371
37443
54721
24610
34059
31323
18856
24864
28036
34622
30527
18492
17327
11779
9348
20967
14211
13549
17025
27979
39903
33063
25979
60629
42224
37452
27549
25300
30181
44911
137549
119614
88788
64117
62359
53829
61025
51781
55436
35655
47345
60772
73662
46374
67156
35540
78116
52098
47044
40355
28091
37697
36433
51281
32754
46245
29105
31762
34381
37539
28853
31310
22730
32421
43807
46553
23848
29668
25544
25857
30711
37138
20282
31613
23547
34108
24553
20782
34791
34506
36234
30327
20844
39391
30040
25666
20996
53271
86835
37226
44956
42273
44294
38378
35188
36969
35299
47960
43307
37898
39737
35526
43148
52073
88044
81365
51828
28388
33351
17594
28317
30343
33282
46828
75008
59080
28795
47154
35495
42184
35563
31498
32792
