53107
58646
52906
56192
61831
34403
18823
33305
27943
32552
46710
35318
44997
42456
31453
41204
37444
33331
55781
46590
53766
60574
63461
59421
80203
62708
73298
149569
79340
58840
81739
46721
50082
37464
40276
56932
42812
52100
37437
29366
31107
25031
21406
22701
25603
33938
25816
28436
41466
38285
25753
23052
24628
27811
28402
9598
6670
11827
10256
10263
6407
9208
20270
12528
9898
7375
9221
8813
10028
9731
7334
8836
11879
18503
9168
11228
33900
45833
17316
12021
13145
17906
19776
14260
11337
9625
10416
10603
7438
12140
10999
12861
12070
12651
13824
12046
9110
20176
15782
29589
10841
12622
8459
8657
8937
9943
6714
5329
10630
7237
7971
10503
9297
11086
6448
6000
3546
12317
7855
4462
6943
11313
6424
7519
10151
9154
7247
13524
8921
7683
13394
20687
9291
11216
69120
11087
16141
10898
8478
6776
10510
14555
15700
10350
25107
7099
10139
8495
8654
13673
6855
10307
18779
20896
13224
14652
17355
13466
18830
10229
10471
6317
9389
14568
14726
11739
8796
7820
10567
26574
16316
13815
16049
8652
10047
12207
13056
31967
13478
11934
11745
11844
11097
12000
11132
13386
8977
5864
5354
7201
10962
20017
34263
14911
12365
10305
12115
20371
11457
7672
11673
10315
9761
7631
8510
8895
7459
8595
7671
12482
15087
12495
7377
6391
6202
7351
7432
7710
17059
12627
14561
11366
9387
16100
9025
19083
18168
14469
12605
9883
8204
11659
12219
12335
10961
16373
18914
10089
13636
15137
11287
9932
12855
10421
9789
12453
17938
17533
12823
13679
11935
11581
7908
6946
7091
10263
