8426
9967
9713
7328
13970
8249
17454
11425
13525
10235
13351
12268
10188
5707
12763
10666
8165
6651
13513
10879
13055
16698
14640
11293
10306
7477
11319
11521
9634
11221
12924
13315
10959
12753
9659
11164
12178
11611
10049
10497
10998
11590
11237
18835
25553
32392
30307
20352
24166
40605
36928
27478
28705
24335
19721
21268
16335
20215
18759
24213
26871
38563
28596
31983
51324
28477
35173
26656
38234
47151
30827
30243
41518
28779
19967
22214
15408
17566
24618
24924
25793
37453
24531
25290
21481
23510
22843
23982
17983
20554
33609
19218
23363
63466
27299
27758
19880
23696
15525
19812
30624
45440
38085
33921
35081
17867
47021
30165
30054
32253
27670
28762
21876
31038
23822
108219
19151
29748
30413
54701
32671
16083
17524
17449
5304
11978
11080
14143
14090
20680
34500
53329
39939
22870
19767
22515
17800
17300
25960
26997
39359
31567
28417
29358
28134
37706
22952
20083
19787
29758
49314
22368
35415
30811
25892
19544
22772
39155
21612
29719
20334
33574
21285
23252
21394
42963
41557
29696
30597
40424
46990
52176
37566
32970
36799
37740
24074
27211
28911
27810
27336
26991
20221
16586
22286
24579
65411
28543
25983
24056
22839
22336
24397
28212
23775
23623
14904
18296
18313
19078
26478
15507
23825
23084
220618
145399
66691
58549
54798
48833
59489
49928
51091
54581
68074
74127
57679
49049
30852
31537
41611
33959
31780
32339
44278
39383
53765
55784
39348
24971
32895
29893
45919
55067
46659
32607
27824
35338
27111
22149
26375
26581
24176
23621
28847
20446
21761
23893
32761
57389
31035
36422
36757
52489
26550
35670
