59855
38133
30070
26354
40270
26948
25784
43215
24373
31616
35000
28657
35379
29967
32469
23909
31258
22903
44004
19018
36406
37350
33337
27810
40557
44766
38296
27140
28768
39880
32739
24651
40725
28948
46711
52738
39533
38961
34397
45744
27386
25163
31082
47380
42361
44303
53376
39536
36637
30591
32729
28088
25383
35625
37824
29342
29894
37248
41330
36381
27420
34060
42212
42329
41228
46937
34275
23330
37108
32023
34495
48100
43304
35770
35811
26124
27673
38171
49787
29906
29102
36872
27699
23485
25075
35441
17953
31081
31520
27705
36693
24183
24116
19880
32957
33356
27986
53677
45661
36329
40076
29373
25481
27978
27830
45334
35502
26926
41666
26831
18851
21742
6847
18172
15502
19304
13894
28825
44966
31351
40272
42688
35518
52878
40128
27374
31588
28932
33021
44814
55469
38075
36371
32653
51627
44982
31729
29947
18025
41435
44781
36840
86954
41384
40553
50375
37027
29500
30620
38595
35021
34264
42764
42927
39012
71979
66292
45579
36615
26162
33318
27907
28824
28323
20678
23312
25718
20707
19371
51225
21202
32546
27299
29496
24416
19577
19098
22544
28238
35333
22669
33055
23631
24360
27855
72143
31865
27775
43167
41759
26906
22793
25985
31804
23449
33242
32812
25933
24431
31117
68585
49204
55807
74141
48661
42876
26957
55426
45561
28295
37732
60500
77629
53305
45839
34940
27230
28995
26438
31729
52505
46858
33087
40713
30540
30627
14820
30818
34509
34195
29375
37003
31690
33710
27536
27857
78755
41161
35403
44198
55295
35794
36613
40535
44174
24092
26219
61086
30365
33959
38401
24243
31514
33839
34020
43525
