25712
29358
16641
31181
27589
40786
111021
34212
34099
33289
28093
24983
27581
31057
20628
16469
28686
25027
29973
20792
11744
23110
20275
18984
11238
17572
25591
20776
28681
16794
22913
22787
25202
24679
20456
23422
24896
28581
16608
15812
28735
64685
34680
26806
26816
37851
33500
30716
30265
29721
36384
41286
39300
44450
27436
40895
30066
25482
19619
20599
36897
99909
33091
27881
27595
24097
35312
29195
20101
14131
10761
16912
18548
15651
17186
25535
24911
16532
13250
16439
5776
19446
19244
14814
13010
23853
13597
17074
17538
16245
17461
16344
14318
25684
15720
35569
23465
16362
26940
6394
14837
7500
9963
11079
16806
21496
30465
25084
31884
30595
27857
32423
18084
29786
20104
23320
26165
34995
26261
63673
42603
70582
62707
44987
26222
37975
34895
41185
32939
44310
45433
35156
28456
18798
35509
53527
66517
36013
41118
48734
66663
48410
32472
32844
36457
26881
40735
44038
45689
42373
36234
63364
67989
47678
145792
66357
75473
28184
35670
28179
37195
28521
21474
23261
42785
40637
26299
20828
23664
24658
21027
25798
26707
27117
31967
32548
34513
40542
42695
92879
47615
37348
52089
37877
29798
29949
27341
42025
51142
45931
49046
35709
34090
61255
37188
32544
36286
42158
40312
30876
20172
43775
46970
38524
22212
35984
32613
36135
28410
81503
48595
27948
22914
26000
25983
17357
44090
36050
27681
21461
32780
27450
17878
27975
20827
37088
24529
39270
31575
36507
26612
27036
48729
36332
47271
25961
27330
27395
28652
39414
27616
20892
43149
34599
148138
81477
34334
39694
39032
23042
40172
22879
23699
30029
38269
35483
