24866
39110
46483
28789
10724
6922
6236
5755
5416
7322
5268
7710
8749
7786
6908
8882
8155
10089
5630
10081
8784
8586
8364
7881
6400
12257
13783
31646
19928
27338
34644
33015
30428
26880
13528
24483
12726
9745
14932
14939
13562
11281
13648
9782
23284
12708
15445
11569
12265
21329
19671
11700
11397
10113
11545
11348
10645
11552
8634
10024
10519
8320
7405
7414
6220
5013
9966
9031
16776
8006
7115
6417
8472
9413
12991
7413
19364
19564
18838
25420
199657
36116
15545
15902
2721
14923
16316
20853
13534
10198
10884
7883
8685
13599
16588
9834
21741
20277
17197
28608
49448
56785
30825
40813
31572
24977
22822
28283
23225
30045
36811
29716
32911
21559
24620
17926
16526
34594
26300
19768
34448
25692
18302
22820
15983
20272
20690
18525
29657
22893
55753
39336
23600
15022
18617
19272
15090
14078
11015
21329
15039
26411
23321
17029
20616
19950
14175
5575
12156
9616
14306
15137
17558
16420
10659
11726
21755
10945
11193
10911
15772
24794
19575
28805
19059
15404
4664
6564
9377
8216
6275
10053
14397
14287
20410
9557
8460
14828
20223
14091
18321
32087
22908
31468
14513
10126
20412
16697
17364
15047
13426
14432
11892
15278
16977
17445
27156
16010
12108
12993
10799
10217
13532
17266
14781
8488
11541
14856
14287
22112
11304
11906
18659
6358
10259
7870
11725
12923
6254
10793
13751
11740
16659
21288
14763
9584
10335
9738
8038
7472
15027
10679
9616
5538
20156
11420
9782
12448
9511
12499
21295
17385
16240
13706
13340
11210
9109
9830
9865
15851
12924
29774
24823
22516
19068
21711
