23049
31786
21546
15540
14679
15309
10013
15605
22095
17985
23980
43386
23256
20966
20238
10352
18161
25023
19897
20272
31519
19266
17899
28306
25786
26641
21011
19172
14765
16907
15661
11101
15515
18356
17464
21980
9765
38854
23500
32128
25240
24276
23477
22868
20811
23253
14957
13726
12142
12131
10143
16868
17579
11937
11511
11008
11892
13852
16353
33600
21125
23557
28545
15399
13327
16928
17958
30959
14558
7449
9248
9184
10264
8292
101016
79712
151259
129840
74858
81590
122693
118867
104294
92278
58670
90565
89187
75394
69880
83209
85431
127596
170457
125231
97536
142698
152810
97249
147316
220203
129449
131268
182699
149864
220722
145727
114276
67446
47228
99678
92666
96052
91458
67232
85666
79637
68023
70738
89751
129207
79680
1851234
489993
336487
303584
301791
263782
183272
175790
133307
162191
250475
272794
196363
141636
123491
53778
108320
106747
142620
126155
129105
105263
161286
145890
96894
164930
109370
166892
372925
218016
203732
211992
70862
59006
21848
54543
63138
53399
49625
146767
75124
113195
179401
218565
98291
117449
114071
96647
143199
85928
95412
120780
109719
74040
74402
106266
139721
115005
73110
94211
133617
158381
253727
369283
155474
80707
103681
107722
76423
91183
84553
79356
69789
101819
75884
132220
127153
119640
98781
84141
107907
68736
47105
66575
65903
86284
63300
56499
78611
76526
72558
164379
131142
115951
103344
151911
149783
131832
81507
78020
143869
96945
72011
86136
136719
112786
93117
81660
94052
104818
135121
77939
73428
97476
79171
89825
107113
113877
156312
85091
128059
94731
102975
95947
149497
158902
90669
87909
66431
93566
104215
67770
131833
118334
140215
