148414
92111
165783
154216
120196
191283
123592
115786
72187
118754
500886
241716
248471
237552
160149
155083
147417
159395
97146
243002
122207
119258
138383
133555
156242
85007
178594
142311
167796
71857
150144
171774
114499
85225
77567
103601
62976
78201
105044
82116
72349
89860
178241
122842
60624
80724
280208
150886
109688
79440
75154
90544
129951
99719
64242
55593
107881
120595
87229
52766
64269
104996
134104
152660
97489
113940
72407
83221
73070
80482
117576
80708
72388
61468
80286
97724
99057
71947
104201
110918
86434
160902
93751
70849
98531
100061
72531
60232
78626
138513
92498
89641
96528
84646
69350
101221
88164
67905
90459
92847
102890
98723
82230
81612
86706
126715
83299
111433
95737
119947
93496
77469
137501
106385
79139
85979
79019
89543
67430
73099
88634
106315
89860
85282
75468
56496
93004
72094
63182
76246
99715
75221
90619
71648
108640
67069
85259
103029
121702
89974
166057
67424
67703
73431
25654
41929
48105
43015
42470
101743
105960
110148
96279
56250
119167
121761
108433
67209
134831
87225
87052
125742
138250
91323
105582
133756
128297
152674
118343
129475
145410
152484
173089
115962
130561
116211
112769
138104
142326
87280
98510
131139
86834
119077
89209
117610
89789
74280
92584
81942
94198
87506
64775
84853
146532
70280
76820
88076
98332
102935
99165
166106
93178
80085
89975
105103
104145
88191
63795
98755
78643
81086
64899
94313
68879
98050
99999
79784
72907
97024
128665
93377
114733
94167
94221
99180
97947
130434
121165
122760
139114
116506
162747
130289
210623
218682
146625
120230
92578
108403
136077
146942
153250
107765
178855
159203
105375
223097
168899
152534
144456
139684
156749
142801
181332
123250
