165755
140815
139373
83463
119484
117608
104253
111138
136801
93488
105765
148770
141885
204782
108738
164224
128768
163358
91460
150399
156933
134794
113904
73522
137512
117504
105075
120606
83505
89239
90453
95534
84303
64758
81634
73989
133523
169580
118629
117962
80690
93065
89877
70188
84145
105944
89958
70916
72865
73604
88706
93046
31050
23264
25136
33481
27152
25792
27883
34709
25804
28017
30064
23620
31511
28256
31430
32056
30160
37290
46260
24128
28082
27712
28471
27446
20584
26518
40146
35427
23968
23238
20196
21100
18883
21542
14929
25421
19967
52170
29691
23158
22908
36016
33556
31777
44110
32892
30327
35033
41544
30200
29330
23637
30545
28539
33083
30398
22582
27495
54685
30367
37588
30738
13101
28731
33775
39215
31252
28941
28470
29821
21239
22076
31420
30402
22213
24721
22538
47517
19973
15985
16106
6895
14787
13373
9573
17645
21754
28022
28826
19034
17790
25663
19442
22319
14557
22340
15364
17674
28460
28220
16290
16884
33534
31564
30059
17629
24135
20388
26079
34246
22076
27056
27076
29757
38264
33024
33415
25272
25223
29244
41334
39401
33616
33705
31383
24458
29512
23099
18349
15629
25476
32750
16735
34371
46538
47447
63843
39465
61790
47215
36572
32527
64307
49218
39695
51987
35183
34409
34711
30803
30305
27219
46523
21457
24196
27067
27865
39435
23270
21507
29397
29283
23935
27945
33708
38660
32087
39319
19137
25415
20779
56223
60925
40703
27135
23084
20440
25784
29183
21720
25148
44518
39996
26440
41017
34084
30207
29522
41839
45815
33356
45237
48264
43944
27538
23604
20310
25402
31499
21102
23600
33928
25070
37102
