35594
23123
30886
34633
50305
40260
51758
36837
29060
27474
27511
17754
19033
21920
25945
21911
22455
25863
34898
26777
36176
30719
19267
47148
26033
48715
36317
32603
32120
28761
18745
25798
18753
34280
29862
33928
24489
25314
36498
47903
35514
77618
46045
53206
46696
58433
65446
67725
95493
56311
60287
53473
91029
68013
69888
79590
80664
80373
72974
71226
59687
68332
61589
70972
62812
44887
41368
82580
88176
67803
53985
78817
47509
58655
52547
40144
44307
74020
50069
65050
63497
78679
81429
71413
72665
92672
102742
99039
65053
48765
68789
82088
48726
78833
62782
63503
61111
50770
53141
58932
49906
50497
39492
25945
51328
50324
54982
46491
256478
92740
82206
107506
77204
66757
56613
62895
52159
57292
88619
50215
55895
38898
22524
38137
48277
41412
43344
57151
87430
71899
52249
55112
55994
63025
52066
43733
66850
56749
61074
90220
81800
70366
103325
74092
77835
107242
70362
82639
47072
93507
96515
56624
72019
64038
71254
96597
85681
69409
61228
70350
59878
63994
68986
81592
88006
70799
76296
65762
68156
68553
72445
69152
77414
46306
60352
77710
56260
71642
144384
129406
130044
106104
136629
114742
120607
82571
62269
82673
60455
50155
70759
85131
70577
49680
63325
60118
81208
71605
78166
79395
74047
54519
64526
67011
113906
132689
120710
121293
95101
65542
106158
93878
121521
126266
94376
93466
103541
67757
78991
65800
84893
83775
130452
125686
61286
104185
105300
129461
62056
67690
58906
66354
85790
81140
115749
101488
83201
65056
68769
62270
72014
61258
94861
60092
65071
57477
76982
96545
61118
73005
70916
99029
63441
129814
69427
74671
