60437
74737
63606
47032
57213
84923
38676
62235
55841
70750
54961
71743
158483
92759
77801
59224
98938
47918
93137
61863
79927
49658
80413
75153
65056
46723
34176
65737
51505
48815
52459
45576
51042
46971
34692
40540
38842
50792
67174
67231
66845
44234
56439
38211
43211
80826
66991
82660
61964
37534
62901
38246
48414
39471
76059
56678
51357
53232
61599
40076
56231
42921
47661
43627
48823
45024
61923
53476
49994
92321
68889
159856
90525
60083
70751
50015
57690
51119
46679
46442
43175
40205
33717
31247
63741
45096
134044
69630
56968
73326
84413
142990
33401
70627
63445
48051
78139
105373
43111
45550
36439
39523
31139
30729
31966
50435
48519
74870
37144
34975
26421
8692
19974
27022
20835
18646
39746
30073
28544
27036
41654
81200
81296
66469
41712
66541
36187
38041
54138
62061
43133
34793
67733
44563
55083
38428
36779
24971
46365
57760
37760
58436
31552
50451
56834
63264
173792
60920
42620
41275
48901
39827
57491
40685
35296
35477
39223
33749
30859
24296
33703
47944
75045
46512
35312
35668
38668
34149
52439
52059
89736
61499
54537
41957
33643
39323
55684
50103
35149
22705
36905
27139
28075
38051
23811
35849
25466
43471
35365
31872
35335
28328
38386
45312
49328
29487
26624
39846
47454
60564
67204
90582
79298
47198
33945
40429
32994
45243
42217
44348
112771
80115
70059
53003
88496
52257
50682
51620
49397
71092
52814
51961
53716
61488
48163
43799
35439
61075
62367
33723
40437
57303
55621
39654
32006
37225
84401
29932
55422
66212
62181
38922
37872
34105
33333
36932
32519
40903
36252
63896
50539
30049
43636
58070
45019
53089
