46176
40144
19304
37255
64167
48263
34617
31964
44397
49223
39902
42417
54148
38812
26420
34285
57406
50107
41237
291858
365918
261958
191922
671719
815325
276056
347312
212211
174095
178010
189751
351286
355761
165648
236843
206989
193161
277019
430579
337927
273866
174175
236302
120894
286651
286681
271310
190319
289978
208421
209682
254452
253080
247359
240897
244805
230659
200584
138554
173123
178457
175211
276108
183883
201836
293321
139168
117758
172857
152360
105336
160751
226785
148484
197203
389731
945279
411611
336508
166791
158537
212286
383783
418677
275440
404934
223072
473070
416008
320740
216379
265961
411174
387751
345902
266355
283537
215195
175797
128746
145754
151327
205381
190144
144888
201098
251468
197059
176415
187584
282403
196959
378172
301037
179076
233672
221379
285260
268235
262884
285211
338101
357167
264775
237829
132423
247494
382560
347101
210680
287885
217907
252567
202498
217673
453007
993638
292415
213304
284093
214058
171433
219767
384101
201900
224962
193570
206081
289468
343141
176823
198912
154771
178218
329084
529246
297038
220899
494735
298309
192241
219025
120520
124612
150498
139880
180900
295991
342419
223617
230560
221152
189759
576847
377477
420239
227750
254324
241001
347483
220718
335800
307642
358713
197606
306242
235405
379276
271002
387187
444162
248219
229568
210809
218821
268941
213033
216003
455533
1015124
439819
346992
315485
217035
211150
293408
543109
300297
224392
388501
424612
225008
191039
205866
418732
226611
301265
205640
226079
201894
214114
649121
487941
303599
385016
273440
366715
158142
264398
261233
188557
150557
233600
288583
229069
232277
163825
208227
259295
211632
129470
102343
107014
86258
236332
141302
104059
91235
203854
253347
162920
179507
373440
298803
208530
176413
