131415
300258
502579
28269
19673
17852
24255
13047
17527
18156
29563
24926
29932
19262
20513
21150
14457
18133
22024
13368
18252
24422
16549
16453
30254
21350
18462
8102
18967
23502
42561
58295
33102
41803
33162
23017
34421
19142
39026
30246
23836
25898
21840
26519
27524
16855
19981
28651
26389
27831
29876
27193
30305
21091
30867
32167
31961
30319
34347
56118
43546
33306
31231
37691
19152
11074
27355
30320
22430
21590
41831
31588
35313
27013
24269
22856
17543
22973
19187
22721
22737
19475
24927
25260
6472
11474
14888
26563
15251
28590
20998
17021
30642
23000
13361
20523
16516
25416
17279
18711
16082
48546
31487
24121
24019
18714
20186
27788
16794
25632
21648
22007
22696
23425
23725
191007
135303
72007
41567
44014
61510
47648
42543
34696
30838
43116
44028
38627
40256
63275
42737
143892
62840
45582
66193
50623
28839
28775
23806
33301
32076
30100
29059
35482
33492
22399
20160
18781
18031
21280
25072
48925
36785
44740
27615
28469
47825
28990
26451
19289
33973
22527
14440
34069
19500
39995
33343
31629
25881
24138
22108
30302
37829
24854
42878
39379
469493
330835
154088
100331
75738
80972
127250
113184
101681
52350
38349
97067
62709
46339
41459
42509
85666
46072
48624
52508
43446
43305
35037
32002
38316
46754
47060
31607
34316
34041
30635
27575
27337
49411
31317
38188
40416
56884
48963
58132
39513
49752
72372
32370
40106
39852
53472
51238
29514
35631
43143
29054
28716
38972
26453
20751
31478
24421
47027
78312
35753
30453
21601
22148
24258
24316
54629
27203
47052
33253
57749
44823
68713
106455
76030
84906
61445
48334
88326
116821
