77287
85000
49654
69273
77149
75049
86529
127403
112954
188633
105865
90404
73940
91583
94168
88306
69290
88358
111655
130582
102118
95779
99461
56310
102650
138316
93124
73428
98022
91066
151163
132282
79996
93292
73419
71586
87620
77890
70429
57744
55492
93935
73228
72289
55256
34440
74406
43987
43812
54375
42354
44015
40104
35961
27509
67836
51345
65482
60341
89371
77485
50649
40737
48210
47600
52400
62807
64941
184966
94903
66049
42249
28274
13420
27134
30872
29159
38198
75530
77663
55501
64924
44582
43817
65869
49917
90279
108355
61352
75635
107715
147287
107569
78339
99798
86173
70989
84914
65146
57849
77298
69650
77509
49381
51525
52118
58221
86792
48431
28454
42077
67486
63242
46466
46521
36992
28342
51530
42990
45428
68827
56741
63103
51589
72064
103973
61354
56571
109600
62261
98453
68305
57365
43997
59035
62041
63030
80587
67887
63919
59242
59376
73167
63091
65422
88568
80070
83883
93304
108462
78419
69981
53640
66952
88363
54792
85045
67756
76807
63568
75293
92337
74865
107365
89387
78707
116315
66794
68177
90356
57368
106132
108995
85246
91475
57038
78767
84990
63578
52261
64998
63185
52200
76281
80961
73673
84806
139551
60780
40732
56988
59989
40103
38463
49497
54070
74008
150103
93603
73300
107926
79980
78497
45448
63485
73804
56570
39712
44496
66990
41201
88806
82032
51449
62161
68143
53545
57040
52004
45289
43661
37961
42810
55001
30488
43645
33475
30061
28718
40563
33000
37913
26082
23513
25605
46029
48667
11251
8301
14972
15693
10200
9720
14629
16794
14622
12736
8900
11748
7983
11945
13063
22913
27443
35057
31939
