24377
76098
22160
17809
17063
13271
11800
11975
13077
14010
13597
9758
9721
11902
9989
10797
9392
11170
12812
13851
19680
25173
21896
20788
11279
9106
9325
17194
8854
11811
14136
9971
12393
11976
11922
10034
10305
8930
10953
13319
11636
9173
5714
3319
10544
11300
8746
8351
8762
8917
7982
7823
10012
15618
12740
10219
9429
9097
14065
6830
8048
5709
1920
4926
4236
3667
5086
10459
15351
31842
11159
11101
6463
6670
10237
7730
11865
10722
11796
12466
17642
37851
14050
19249
8412
16561
20095
13736
11764
17523
11743
13012
11483
9615
10734
10264
13907
10372
8594
14259
11569
12601
8987
12648
10053
12466
15244
31290
14226
11038
10926
7763
15225
11914
10412
14332
13684
12946
9239
25743
14197
14927
15079
14825
12789
6987
6241
8869
11106
8118
11373
12395
12579
12508
11393
13846
9950
18577
19652
38594
17286
46926
14662
19230
13979
15754
16710
17689
25622
24314
22696
28292
31753
29358
33393
22056
13930
13696
16671
18502
10825
11182
22016
26733
24312
21967
17430
13991
19270
17827
12318
13492
14646
15661
13613
13512
14089
12441
11876
13463
15338
12317
11143
14279
13977
12703
15559
23315
10306
17646
13911
18630
11213
12707
14787
9576
9319
12457
11470
8495
7668
9032
11576
15791
53909
58403
30607
19825
28813
31204
22446
21252
18050
22619
14793
10491
12707
8885
12774
12867
10805
8733
9787
11062
11166
9819
75726
71231
62617
166528
91564
61900
47837
72013
105986
84431
32137
66315
32592
68172
71402
66419
130045
67312
77260
47986
64575
61481
110063
72664
32331
49144
86783
107520
112782
65584
