85082
85038
121930
84598
52165
74271
71073
69716
58702
83453
70760
84893
127588
113196
70812
74303
113321
87860
67086
83964
75725
81952
72916
78060
78926
73562
64005
102718
358884
171183
87993
60433
32793
76018
61511
155602
88916
87459
90100
62465
48746
60657
41815
38322
50547
74415
60182
114526
63023
93599
79780
15890
53858
49061
40139
29864
57990
102544
84102
138087
57206
37460
59820
62783
43447
46860
44561
51945
72756
117475
60310
72662
90993
94370
67884
68157
288143
117121
137177
143734
86915
84932
73130
65258
83256
45824
69247
72085
77251
62027
95564
94375
60017
52503
38737
38059
54716
44049
64969
28706
50213
50131
43454
45720
35303
50426
48752
29390
55931
33722
51373
52724
61700
44007
50741
40758
54078
40378
43647
55899
115183
79148
38701
67469
69399
101835
56106
93481
48289
59225
63332
112278
123148
63999
91512
74409
111553
154285
70491
86924
77508
108580
99551
81169
89447
50532
72709
69260
75588
76647
141218
110594
109993
64159
104797
95058
58922
48966
75995
64535
78210
72681
64236
131892
110135
138522
63014
67270
72290
77644
82669
59399
75845
81665
85873
101041
71931
86558
95902
92595
118264
95166
110932
83742
166530
61343
38194
65541
66239
103381
74508
65190
61981
60966
53182
54987
79047
84495
51520
83513
73305
70449
122024
46427
45848
55464
61510
48069
57940
44969
45157
31624
41535
43980
45866
22250
25612
24050
16441
16854
26882
28375
25888
50562
54802
44666
33658
24998
20961
29304
21843
19619
19608
28362
15584
20175
18223
23300
27044
12977
20177
25707
27537
23449
23313
21272
17739
18755
21988
16549
23187
19403
14723
17237
14954
17875
