21486
36243
22465
30280
29769
25918
19935
19995
17349
14639
14921
12221
14826
15913
19201
16382
13699
16517
12390
20705
8348
9766
24369
18419
15673
11706
22276
15346
19672
36004
17496
11609
15139
14990
17231
41150
30515
24888
12028
13035
3498
7960
9231
8590
6518
19721
17066
18804
16636
22511
17813
19272
12591
9510
17552
14568
10268
16447
19001
17030
13715
14739
26491
22687
25038
21126
16135
20251
32243
19831
21439
15495
14370
18666
15743
37195
15815
19473
16030
17504
22344
21874
20151
23380
10509
10565
13870
10262
7882
21474
21687
23370
13341
11591
18625
27237
20051
20177
11304
14119
16303
21194
18887
15477
49589
22519
19721
11667
12364
19848
15262
12106
10801
28385
23136
22616
26690
20931
20076
28354
51279
25908
20215
17694
23133
17708
30181
28454
31707
28501
37819
52975
26493
27195
33251
25037
23976
23492
23113
40486
33998
39430
19957
28880
27091
24383
21239
20104
25818
18758
23402
25576
16191
21378
15977
19136
31082
41812
28095
34001
38729
28081
36367
23216
34149
43953
18383
36490
41885
49831
44795
56683
49527
31839
29697
23786
33753
37150
40977
49126
25512
32302
44947
99662
58945
58475
44139
56114
47254
53820
50754
28920
37501
35321
41679
24666
26803
42119
25276
20434
27689
33359
34760
40115
137256
93563
114278
105881
90445
92700
294688
260831
148332
110875
116384
190965
218563
142216
122993
107123
100202
139413
141047
109356
95788
110575
119502
136279
86330
80582
186006
161248
146352
102576
110163
68613
103667
70923
69599
94263
95420
87340
120487
126350
103777
96112
75484
97782
132558
111765
143596
121308
118625
126434
169381
115522
