178898
290856
128911
101735
78435
81484
92057
80464
78296
102748
56880
102604
93184
113862
95116
144063
124514
87029
92678
136095
154819
92307
151837
119402
145925
152296
77028
91619
65678
35573
79816
62420
66924
196521
137003
103076
107094
82020
76574
112540
146188
96205
92365
139363
96620
133027
154035
144593
111557
111972
161226
171288
145083
108941
101021
159763
134078
119564
106571
143767
241919
123893
128026
90617
97685
82122
125960
78681
102285
120620
105537
134497
86809
140706
103454
230763
192057
131776
110729
96529
113989
96104
82358
84728
78583
80446
167289
117175
70379
121951
327086
229097
125606
172018
107894
146030
106080
126377
92421
99162
213460
104108
109240
92677
91868
123347
98404
165151
90396
104945
76770
99831
109318
109308
105767
114564
108874
131956
179646
251826
225805
182846
198531
255333
154463
169451
151369
173960
185370
266173
201230
140401
265559
252986
162147
158331
154391
183092
177524
218130
145776
156624
137141
137201
88075
93367
115523
94162
109510
146741
113842
97319
94739
102734
111556
78019
158783
171863
199061
155972
152154
143094
100439
85308
100942
86529
79550
106573
130600
96469
116319
101510
99844
107902
101093
71029
60891
99467
78051
99487
85032
98406
84132
80616
78131
123533
150485
118095
110580
69218
98751
120706
86326
77653
59095
31464
31352
25833
24355
19919
24453
18897
26043
19235
14722
12580
9811
22761
18888
24163
20700
20044
19218
15824
23999
20751
16699
19813
23667
27887
20615
17430
12884
16503
18147
17652
39196
18895
15606
31659
23865
27059
22867
25684
17431
41836
43374
33950
26844
25307
28786
33019
30860
23451
12054
13816
17124
21816
16135
27888
28381
32297
18805
28517
29960
19685
