26834
17286
47280
28059
26205
20283
32766
21060
24307
23048
17451
22475
23187
19628
21656
29513
41818
29509
38427
206897
33638
30419
35356
28800
19024
19305
23588
19131
22262
18093
24753
18062
16913
20699
14074
20173
22463
19511
16656
18785
14302
12514
14864
22898
28761
42966
23497
21862
15294
23149
24984
20918
17390
11146
15007
11607
19964
5974
4038
4558
4202
3917
5499
3578
8135
6238
5219
4017
8212
7758
8094
5485
3541
3705
6057
4839
4500
3546
3920
4098
4841
3820
4810
5178
4501
3438
4376
2896
2455
2452
3041
1733
1720
3934
3681
2760
1933
8088
4053
3960
4755
6557
6106
7853
3697
2901
3159
2955
2421
2127
1741
3338
2915
3196
2832
2348
1991
2168
2502
1313
4269
2511
3169
2554
3076
3518
3473
2871
4211
3201
2648
3432
3011
4628
6914
2941
2824
1186
490
1258
1608
1506
2208
4994
4134
3636
3567
3233
2615
1693
2250
2646
3390
1781
2858
4439
3569
1966
3037
2588
2354
3240
2409
1501
7043
6249
13774
8152
8461
5852
4707
8329
7654
5245
3438
5537
4311
5839
4532
4804
5447
3252
3710
3677
4763
5244
2822
3981
4195
3292
7452
5034
5587
5242
2570
8571
3220
3185
3135
3633
2415
3925
3464
4719
3382
2277
2845
2546
2112
1738
1600
2461
2050
2259
4059
2172
2500
1750
2166
3404
2394
3298
3952
4469
9598
4820
4081
4033
6149
6368
4924
5388
6239
3301
4442
3575
5791
4149
4977
6061
3652
4314
4492
3821
3325
3574
4596
5174
5264
3627
3780
3188
2730
2165
2091
2399
