2817
1817
2630
2022
4598
2803
1794
2990
4678
5834
6408
5489
3875
4127
4257
6223
3505
3869
6389
2211
3806
5827
3482
4204
3506
3865
4205
2065
1620
2180
3256
10736
4108
6775
3662
2878
3487
2589
2214
3271
3802
4318
2720
2530
3723
2364
32357
26821
57609
17975
19493
17813
25895
40521
19261
15274
12282
24962
34368
31905
25971
28117
36801
30851
49105
31303
27080
29710
30627
39857
17457
18697
35635
28552
33958
45559
42910
47287
50301
32297
20076
24880
27631
43867
31996
26062
62697
57458
42301
36333
27848
31287
40604
99745
74310
68935
60062
69805
97646
56147
58814
43989
42542
54725
52069
50005
62117
59347
28654
72190
59728
44487
92472
87393
62284
51177
60803
53505
46547
37883
35383
41854
40809
44890
19022
22640
21762
6259
16745
14027
15321
10246
32630
36484
59408
45174
42688
47730
50301
57428
26956
40679
43424
40516
50029
52910
38091
54964
76718
58659
53458
44114
64407
48200
52861
92134
37359
50407
43173
47447
73095
62096
71688
51195
57131
63864
111899
92685
83020
85768
144783
144619
138466
249279
165305
103106
618267
184931
116841
104006
89971
110222
119024
82612
76866
64676
56182
65583
127013
119998
75377
116193
147986
81679
62064
63472
95902
116638
46958
40161
86895
73337
36711
57930
46337
51892
42017
79802
51051
45007
97184
70916
50941
123305
93070
54421
66965
169009
177862
92429
86647
84975
73286
93906
78082
112946
126343
165240
136911
119984
179153
150472
120478
106976
78244
76590
69656
76311
66971
99051
125044
56122
45957
45733
49112
40082
49102
51543
35916
38988
38769
65775
59818
65254
66615
42568
