62579
32856
45463
42917
43349
38271
24523
38354
41134
51260
53974
32588
46804
37476
40310
33515
29222
29048
27701
45681
39159
47794
51165
37320
42030
35241
27637
36500
27570
35896
24740
30624
30785
40280
46645
17026
15508
18404
21685
14888
13502
17149
19609
19639
19752
13144
27070
24251
25411
15287
19080
24737
22650
22661
12928
12498
13714
10919
13102
9192
26437
19649
19962
12893
20174
13312
13809
19869
13203
12812
18971
14182
22272
20021
14627
18519
20802
20528
20752
21251
22915
32470
13861
23572
15334
15200
15469
16862
12594
19657
15221
16326
13214
19218
12559
11124
10292
7135
15050
16886
12971
22964
26984
15538
23835
20934
12618
11877
11932
19722
17917
12938
14826
14774
13597
11591
3226
9827
8566
9458
5158
15981
18992
17180
10159
12561
15231
20096
14267
10929
16338
12071
18393
23116
20712
13683
16996
17509
16783
16921
16198
17842
17674
34721
33196
29756
24276
34552
22108
20429
41614
19110
18406
24672
21055
18328
38813
20104
23228
21539
31260
17538
17081
15608
17158
19581
16982
10572
14173
14197
13165
21444
16732
25296
17680
12106
11508
15760
17762
16989
13484
25323
23305
16025
16905
17611
12235
12851
12628
14122
14200
17501
40880
17764
18511
16290
43357
28795
18057
30199
25849
37459
48260
51050
28987
34345
36913
36472
29132
21453
16221
35901
31290
27739
26379
33835
49549
54269
28149
38720
27007
63322
69070
99277
54038
61444
45904
37630
121506
70381
48749
37412
35425
37860
34980
27573
29771
39584
74480
36269
30284
43944
18388
35247
37040
41015
20791
28517
32383
22512
20693
21865
25321
18250
19774
25091
