14400
17125
25118
57974
22950
15754
17831
17341
21156
21695
19925
22553
30683
22968
12391
11919
13484
26420
24665
17330
15038
19161
12663
15445
12658
11993
16793
11943
14706
11878
9437
14091
15823
9406
8542
22408
15288
34693
21457
17606
15985
20083
27685
13399
13662
11792
12657
12650
11476
10637
26837
22984
14501
17086
16048
8590
20036
13579
8587
18226
14432
16806
9877
17299
13498
15089
18625
32098
26102
21840
17463
15334
16285
20257
14218
10737
12543
11440
17847
13024
9238
9066
7969
10449
11855
6583
3841
15209
13548
11040
6311
7208
10686
8142
10726
7458
6754
12387
10523
10291
9485
18803
9391
9484
7415
3777
7168
5820
5913
6183
12466
8527
12418
13133
14685
13448
21641
31089
18148
19091
15608
18370
18814
13397
17528
10987
18191
19374
30364
15243
18149
13828
20884
33296
21227
28091
13850
21508
13871
13125
21333
22543
24544
19538
23990
26745
20090
16079
13731
15137
15898
12506
13924
5237
9430
10861
7828
6755
10159
14622
8721
9342
12855
9302
22471
15129
16620
23074
16589
14594
9300
14254
14249
10464
11690
8471
11115
8952
8927
10461
9945
9242
9471
9411
11835
20597
55327
21385
25100
11872
15594
17987
10639
16615
18161
24728
27642
16804
17268
10871
11532
12998
12887
16755
27441
31185
41567
21557
24329
23296
13424
19316
17070
17292
18894
16692
14593
12401
15922
17292
16474
14598
13830
12679
16403
16578
12212
26715
18266
15191
21988
10154
18481
16449
18318
11207
17809
15674
10509
9948
10819
12495
10295
14558
14280
7298
11971
18584
22262
34732
16026
24088
11083
16870
15642
16230
