11515
10431
9716
11619
11325
21297
14435
10576
5397
7324
11353
8119
7710
149703
80972
151784
114508
167073
130532
141030
126584
93323
115202
219594
187897
152714
131927
257242
209617
196956
148463
153930
104191
126436
98488
125549
97191
85646
129776
143643
147476
164116
138142
173834
84346
156378
121643
101527
103366
161492
97859
85003
84609
112143
247251
206191
111916
113782
97283
134046
100295
105847
105877
89641
109364
232059
137157
100028
103732
86851
114881
93466
93879
83372
63985
46985
98972
73195
69054
69383
105636
93023
83950
85561
130595
135472
90192
74152
75058
81349
130460
86085
66839
81794
29675
79985
71188
47729
42161
169339
187839
219723
103342
77324
102560
102747
62825
53139
96425
60833
85390
141384
113246
82241
75848
98479
94704
126908
137087
280022
135490
147675
218733
149680
203338
112660
93918
100106
86261
85914
102862
101734
71098
85997
90513
113777
78044
91363
104994
119027
91770
98623
70748
84796
84176
76065
91601
91747
107299
99158
100505
161565
109140
111486
125284
136265
90673
103707
57708
69444
99465
82454
98296
81207
71740
56844
56079
72037
73722
84161
106518
73463
115693
80861
104584
110048
78284
128057
165497
125390
129927
92215
217014
171744
301889
346052
232255
153900
136368
152902
167349
132744
107755
124589
276834
195133
135692
213355
144182
135919
133719
172781
127340
89670
223018
121082
149375
138114
103406
76291
119741
95107
69002
81786
97213
82874
79809
94264
99943
144933
87871
156083
119367
167564
109206
101914
101596
106079
117988
105631
106570
145906
131653
126560
72903
85922
109353
99303
76148
55982
116541
74399
93360
92408
110788
425472
279363
132136
103854
95858
107307
119255
106963
87910
56429
84546
