93069
100292
29260
25710
29305
27143
20931
27552
25441
16625
21024
24306
20597
19653
12843
19167
21256
24245
14038
21103
23994
11293
14039
19958
20844
18931
12324
19068
20618
24363
19497
17004
11106
32388
21127
51028
56538
30464
18825
13738
18578
21907
21697
21719
28112
24014
22607
26864
24152
88774
22044
24669
28937
21995
17172
21968
17123
9452
17505
26545
18788
17526
19085
10518
14389
15833
13278
14150
12607
8075
9950
63749
29085
21896
28194
9572
15572
17946
27697
11903
6982
6425
2494
3077
9350
10515
9668
11996
9570
20145
20512
11682
12816
13524
7273
10446
26271
13563
14518
22020
12731
9147
8556
12164
11999
13978
8267
9930
11066
17137
23510
10451
15180
17277
15222
15530
16737
39333
15550
18253
12867
12262
18109
127043
33134
25785
25635
23336
32933
24953
33853
34051
36960
60371
16897
30339
45794
26072
32964
37313
24650
20991
23089
22829
27260
19042
16473
16518
26319
21684
18203
22773
19947
17755
14340
14545
20844
31004
24001
16104
11652
16325
18783
10527
30445
17795
18073
19493
43134
24419
29876
34109
90089
73883
37352
40021
55706
46551
28071
30950
52086
27525
36822
35285
23644
30895
28291
30656
24676
27667
22100
43904
44690
34139
41026
26673
29369
24618
32130
34468
23439
27470
35412
32905
46968
24984
23271
35134
35757
102044
49738
30641
16948
25819
38003
29185
42873
37113
45057
30556
44938
22788
31662
32531
37703
20177
20307
25598
25077
53647
56448
32297
27696
16240
18023
29172
25408
20959
28117
24831
25807
16344
30930
34540
34109
17814
27088
30010
21703
16730
20257
21737
22994
23825
13881
18169
