25807
16344
30930
34540
34109
17814
27088
30010
21703
16730
20257
21737
22994
23825
13881
18169
12904
20068
23938
20157
17231
29502
36555
21845
24430
28179
32376
41739
35119
30478
38380
32128
127495
51912
28197
24267
42717
29056
39016
23756
23304
20086
24635
22860
22553
23863
50758
58375
34794
37224
34480
28174
24303
27653
20306
30589
26351
20379
32169
16138
22627
17659
17217
18289
20995
14100
22906
28176
8061
19134
16763
20835
18381
19630
9846
14668
14328
20524
23368
28599
21992
32985
22785
61671
24786
22441
15015
6156
19391
10718
13950
11751
22280
27351
30944
24871
22681
14790
14303
10596
36455
23711
16417
35857
25905
24595
19196
28124
23458
38680
35364
28264
23519
16000
33265
26312
17258
18520
20402
23354
20694
45344
19796
15006
16426
14405
20614
13735
30512
12683
16133
28815
16487
19890
20427
21752
20776
14154
15848
26284
22945
25240
18773
17252
18729
18052
30286
55459
26397
27610
20185
15360
16464
17174
14084
17780
49677
23602
18855
14924
15236
21568
20038
29843
27147
23039
14759
22475
13137
17289
18019
26688
27835
23673
17816
22740
27852
30050
29367
19607
19624
12475
15337
13788
21511
14423
17548
19210
33848
19285
19896
23196
15153
21425
26256
20112
25918
22985
28409
16951
19389
11602
10206
16322
13989
16524
17697
20096
36597
26493
36641
66152
42175
27679
35651
23484
31315
18606
27005
30383
29847
23568
18241
30233
18399
15384
16483
15687
24397
29177
31434
21297
17109
16695
16625
22527
12936
27234
22733
14531
11942
14562
12710
14531
20055
21288
14238
11481
17332
11012
12893
8535
