12535
8621
4636
3545
5770
9345
10543
9026
9804
10976
6884
6349
6322
8087
13774
12130
10821
13452
40577
37006
21095
11567
9530
13401
12090
12856
11325
11172
17151
10725
10100
17719
15040
13516
11740
16980
12589
16407
7958
11280
13060
4571
10233
13304
22192
13676
15920
14328
10594
10766
8970
11724
9019
11358
16022
18871
16267
11961
11322
9760
3873
5018
7115
7380
7672
14215
21271
15317
12101
9487
12297
23427
11195
10109
13505
11241
15079
20472
20468
16766
16295
10795
10751
13048
10483
8119
5330
12957
20909
12572
13156
10806
8862
11093
8241
9344
11610
28012
12669
18604
12383
12868
12399
13208
9647
14108
9994
10730
11580
15668
13426
6548
7426
9946
9268
12700
11642
13485
7891
10443
17979
11765
11242
7320
11108
15367
7867
6775
9360
6224
7828
6888
6383
5392
10106
11353
15155
12507
8805
13575
12277
11476
8746
11596
19081
15343
15303
12923
17352
13750
24408
26314
13996
10740
9547
13461
16311
10955
15534
8709
18636
19797
8771
20413
16141
8292
9617
11407
22392
13421
15425
16285
18610
20560
13881
14646
8843
14349
13707
18626
16029
6774
8798
10933
11111
10543
6522
11179
19934
13572
12511
10767
14223
11081
9578
5644
9239
12455
10745
13647
7182
16008
13776
10203
8026
11272
27437
11449
10642
33877
20194
14850
15500
11005
15520
11977
16513
12019
12806
7987
11923
20667
12197
9560
117775
87642
91560
70712
60457
103261
95173
86971
73253
63655
55242
120345
183783
108062
98393
189936
283901
110472
263914
128669
171095
103584
161125
146369
92409
73897
162302
175515
168765
118869
140379
69476
