124667
85352
90284
166821
109433
96206
161228
97314
158586
133916
74935
68428
82669
241856
165934
437573
247406
176656
186239
157229
124466
187932
258318
312023
1140719
376111
169883
195035
96643
76351
129168
160142
90210
97683
162036
88255
169373
116545
161621
156138
101760
113285
80469
98011
178501
100973
75767
60476
30457
63962
50820
51875
75729
117337
110797
191897
109391
197701
128399
133709
87665
50952
109952
63080
120546
179514
151926
125693
92374
157942
123164
139245
107493
110521
101145
120513
116684
94003
94345
66882
58633
90354
82408
133297
273962
123534
85461
113433
105190
112286
77414
93567
75876
88125
82999
87339
67811
69334
55367
89179
61719
80059
72021
69564
51805
258724
118114
84207
94113
99950
68291
93872
102531
115361
108500
97557
58006
133693
129245
87833
100561
75520
169724
66752
121098
75442
73579
83697
84398
70009
72025
85779
83216
91590
136626
86906
123998
107336
230747
205473
144738
81158
73920
115017
112902
95228
133010
155743
134939
110525
110253
71703
142878
149007
150317
189141
150555
143723
135517
103607
71169
96465
142485
81989
302542
196069
106932
184750
151640
173527
276371
86552
193953
109142
133470
97752
117372
85440
64381
99290
124465
104333
91058
77927
76487
57234
67416
55743
75692
54136
54564
48662
110039
59223
70590
55745
74711
118745
77378
90434
105702
86712
66323
57799
55430
66123
92131
63244
68728
46380
49434
44862
47753
51801
72355
98811
203068
99825
68279
81558
53094
55947
63682
75883
103397
93293
104222
64007
67633
65964
62583
56775
45340
64422
74831
90244
62320
62210
67205
60941
50785
43830
49029
51306
82304
63742
92445
65281
163446
110308
95406
105999
109129
91274
109489
64184
