83371
81328
226574
54598
61566
74426
63888
80213
50500
81392
87629
81821
71349
59246
50976
107367
104651
112117
70371
110318
66894
81223
66108
51940
74855
106113
67477
90303
97807
93450
42562
63741
50391
22290
52309
36722
30918
45567
124571
116179
104606
71297
49622
65868
79527
91056
57595
130502
55750
78859
118745
117815
67728
84814
88074
70638
91325
56193
83259
47173
75597
89937
95841
151685
106418
93163
93327
109168
71019
68902
88826
80156
61628
79375
77041
75099
53778
61450
66839
68234
64183
31096
36888
50840
57697
49876
52000
60744
68159
78941
116676
70288
55588
62501
53500
46506
52985
88882
59935
57738
69747
50907
69444
104417
92764
76530
87308
72025
85593
127300
110949
102123
82417
97159
101772
92788
97343
370919
121159
97445
95188
124300
103006
173144
210860
119524
118452
107764
84120
96643
90878
168098
111850
150649
134289
104777
106058
95673
74471
89395
68184
81391
43138
99820
80215
145297
82858
83647
61529
77828
67974
67375
59774
73786
63420
67439
56028
128477
63436
46607
90442
81717
111875
68669
172429
81192
74927
36088
45143
70220
68654
58690
66257
58336
64449
83584
97454
197688
100320
104927
66911
77447
77890
85547
82052
64027
58953
65697
59231
102515
84923
77540
106721
66440
78682
74093
66812
7309
4488
5696
3601
3737
6368
4633
5902
7575
9760
17627
3937
8371
6792
5663
4339
2742
8052
5647
19922
9076
4870
5584
5283
7580
8402
9495
8615
13147
8192
4753
5432
6527
4651
2512
3322
4882
10209
7271
4352
11867
10218
11672
5488
8702
8281
35879
7847
8580
22724
11095
12796
6896
7740
9297
6139
4547
8788
6276
