6972
6957
4719
2368
4882
11074
6070
8606
6673
10347
13398
21987
10043
7292
10528
7032
13058
15653
13934
4198
4007
5944
1945
7785
2443
2612
2705
4918
10776
6242
6491
8063
5394
2563
3915
5321
6514
4962
4991
9502
8832
6584
7923
47102
14629
22595
9114
9943
9582
9972
15108
13695
22721
10323
9140
10593
10846
6686
9945
10553
3876
5469
8728
12888
7578
7978
6924
11786
6963
8116
6345
5082
5125
6092
5451
7113
6188
4142
3230
5919
3813
3138
8415
5082
4952
5987
7656
7370
4848
5969
5017
5749
5797
4955
7094
32083
13788
6594
14248
12661
9755
13096
16009
30352
37602
16205
11503
31691
12998
10882
8552
13192
15249
20656
10070
15876
27403
7891
6458
22566
35046
15386
14958
18962
7790
12734
12449
21077
14273
8493
9022
7444
7779
8583
14356
9907
7415
12867
11079
14743
19553
9830
8392
7857
13709
12512
18237
10439
6667
12578
10643
22530
13745
12276
7739
6246
4220
4466
7007
7025
10885
12936
19306
7604
15114
15450
57199
34110
11501
9944
10348
9969
8067
16828
10570
13677
28559
11416
13780
19490
12294
41181
42115
26291
18328
26292
4921
4456
4601
6221
5480
3864
5726
7308
7154
10709
7616
11475
7285
3990
5561
15245
17234
6576
7993
6034
8441
9532
6365
5616
6580
10190
10031
10889
7637
7117
6374
8242
5658
11345
4259
3634
13878
6793
6380
8788
8410
7960
9605
8068
7494
16695
10646
13616
14197
10335
5799
5689
4454
3755
4925
5057
4750
5313
9347
7417
9380
3220
2391
7904
6630
5352
14510
12119
10915
23694
