19753
12281
6401
8492
12206
7059
5691
9999
9079
4872
7176
1241
2524
3359
3084
4233
9551
7704
6497
7631
12212
11868
7654
3909
4200
4620
5297
7165
9658
10710
7550
6092
6680
9143
6668
6338
7749
6526
8398
11235
7083
10216
7480
15307
11510
8114
13078
7853
8305
3396
7796
12160
9924
6284
16290
9570
8705
7640
7836
17160
11781
23312
12184
6190
5651
4379
9840
5758
7232
6011
6537
4492
4811
4922
4444
3729
6189
4968
6123
5998
7723
5400
13066
8851
8456
9913
6287
6364
8529
7343
6139
8699
8356
5247
11107
32268
11288
14919
11132
9243
11139
15905
15353
22209
9348
8669
5224
6721
7785
7607
9364
12347
16711
20765
18222
9637
15348
18816
17542
20044
18140
13025
11528
14393
11373
7673
8866
9430
10347
11955
8635
13494
10815
6574
7730
6414
11548
5924
8610
10531
10376
7948
31036
15427
18156
10011
6359
12425
8965
13795
10096
6531
7174
12900
14934
28644
22111
26853
16658
11145
25933
15390
36760
11484
16380
10126
8228
8996
12344
8183
6528
6778
8051
7091
5134
66859
28812
37209
34269
33743
36989
33520
50146
65499
38370
27308
33805
43042
45583
29538
58256
84214
67124
41958
30240
31541
34723
49163
35360
39407
44472
49900
46395
50838
35224
48019
30857
44847
39155
33293
44236
37908
45531
37862
36220
33399
51185
43172
33335
38763
39810
38589
38075
42236
40766
27718
31049
36148
43002
68608
57117
47790
54510
47422
41208
41676
41874
27876
43339
31480
27275
52795
45876
33889
38100
42842
42617
35805
91425
53343
42751
56632
63566
30448
27174
28773
