11627
27052
33663
22540
17841
42269
37114
32257
28360
24961
28118
25674
21312
28677
34003
21988
29054
29637
32695
27564
36287
36331
37609
47510
30747
35567
32983
45511
46661
31129
38537
39503
33571
33676
30115
48391
33990
37329
30487
45079
24985
36284
37288
33189
31256
31955
36516
38794
40642
54517
60980
99937
61061
55388
84955
81804
83732
89408
78157
61476
110538
69157
47842
56439
31947
44947
53853
40881
30185
45462
40378
45184
30821
34008
36347
30019
41032
29748
41306
38443
52163
54482
43751
45326
41500
40138
50063
39379
41067
85923
78402
66535
51731
46012
53415
64078
53967
41448
40406
53621
62465
62772
39468
65066
61746
61842
55305
58626
80530
74303
76591
78984
62034
56792
59081
42908
51719
46183
54748
37056
37918
40869
40851
49306
60521
70651
29927
53947
41780
49575
49045
38392
60904
37683
30299
29754
42297
38364
41216
42933
35757
32062
37329
31957
24266
35342
32725
27210
34699
29213
30391
34231
56043
29264
36767
25064
40258
40681
36828
40347
35509
40034
56196
50852
92725
99800
105566
68302
64645
60497
79252
117434
352138
232381
139598
61885
179863
281024
249834
161955
159823
158411
129887
94860
96922
110219
444069
161513
189621
484303
235295
179756
200588
183358
223981
128989
125463
92770
100216
93495
121430
104309
91809
137746
101389
154389
89476
99333
119761
111297
102690
243862
139923
111307
138872
143483
123693
147768
106457
54056
106735
51527
219540
130830
90707
44420
128160
197903
95618
97189
97170
114717
99253
56261
67453
40172
247353
157042
115800
253790
899504
230594
99796
78238
28740
160012
106303
107875
162284
125745
135603
99548
382082
189930
136406
131461
