223957
212590
177134
136955
222396
263114
171904
211134
129565
139643
129307
160705
128276
108338
110160
233506
165881
146651
129718
287277
164441
253444
119245
115789
204815
156013
137982
187020
172788
146903
409454
529386
250398
182298
160111
195933
123960
89963
144747
125908
131431
115462
109817
115879
106964
151708
167503
116987
110047
67514
67975
235099
313798
186246
111792
128663
143536
185355
176909
155632
105282
86974
80856
135199
127914
240231
101696
92212
229382
35414
60395
59547
62080
59905
94750
112302
111052
106144
128303
77151
107626
103658
179020
270453
209818
388175
654880
241696
183697
229811
208102
203253
225835
110805
118833
143857
196245
156037
84653
120611
156199
129569
178921
142739
117851
89894
197661
144117
103786
101333
160790
158027
187935
152043
148123
118186
232700
112702
216146
136802
226115
151933
191359
183585
153716
120450
216138
138577
109425
119502
322683
115095
113320
109819
80483
144271
127908
153924
177052
200219
95402
80139
115893
147483
140953
203945
115228
127897
269257
567214
260567
219514
262612
165966
167743
152860
109318
373480
257386
301806
301213
130146
111577
201046
175824
146824
169953
312928
343786
289790
204668
248368
179214
139855
148361
118427
123937
238743
563546
268407
222747
170587
180601
133815
195302
169922
97999
138867
138644
102051
115909
160245
166353
178988
314105
206609
260073
160888
165517
164594
159449
110239
160131
156573
153434
186688
96757
154963
239150
250598
128564
77645
90145
118836
102563
103756
123744
78636
118449
222888
125526
105490
161976
125861
263259
192890
252149
205734
23572
14624
17624
15203
22468
19629
19499
23091
24435
20007
12850
21313
21762
23137
41561
36933
36123
44531
131836
31501
24063
26687
19412
20106
9943
10972
21352
21159
