19414
13333
10135
12683
14312
17607
9665
8802
11918
12271
16210
9087
12158
12788
9572
16131
16006
23786
21111
10851
10837
10455
9274
10758
12778
11085
16075
11083
8824
9829
10521
7574
9764
9435
4884
10908
13365
9026
9315
13482
10488
10483
8446
9906
8765
7345
10141
11451
8933
16714
7702
11044
8020
4261
5741
4109
4731
4718
10094
10983
14796
13500
16945
15885
17859
14686
11375
9829
10422
19331
21861
15731
8691
11513
12127
17382
19572
12860
13081
11887
19613
27988
18984
15748
20419
66659
34000
22337
26711
14162
17045
18524
22218
17787
32522
21497
25122
26029
22110
20021
16078
19700
16167
19398
12167
30083
13244
12307
20130
25709
23274
13063
20142
18299
19310
16097
14075
14223
17651
14403
13361
15859
26165
32627
15073
16838
12958
20875
16662
22460
14535
13886
24262
26355
26102
29892
24445
21355
29865
24605
24672
26081
32040
42100
46892
32358
23616
33923
19786
23946
23855
20326
24316
38148
38449
21968
36925
21545
14995
16084
17685
15462
16452
23040
31845
36039
25559
35005
27393
25480
24850
11670
15770
20907
19768
24683
19426
16767
27130
17143
27630
28314
34596
25327
20324
24003
17105
13397
14702
15828
20295
14250
15341
16745
22469
20357
27030
18828
17100
45521
22179
34411
25691
19207
15381
16196
13098
12215
9592
12062
13306
16258
9385
9716
15585
13628
13577
22504
15896
13403
15091
16708
10698
15623
16374
19672
16493
10208
16748
13737
19815
24487
22255
26145
20983
21570
10614
13498
20038
16497
11496
9564
12289
20055
28383
20555
15802
13142
9977
16259
10228
12162
16398
16887
13952
19505
