20947
15101
28939
15891
23327
25326
25441
29839
16800
19084
16404
16396
21722
22282
20269
23036
15139
16559
18447
20487
16831
24499
15688
8849
21877
54690
22127
42207
30825
23521
25683
13773
15610
17882
16238
17782
21163
30252
34269
16704
16172
15740
4999
8932
7892
9596
12697
21422
28559
20353
19933
13063
17518
14515
12471
11293
24446
15675
18690
21143
64684
30400
25226
28408
18851
20503
12779
16280
12057
32073
37355
13812
21161
24909
20194
26884
13094
10274
19414
19936
15986
12401
17523
18175
13533
15479
18984
17957
17377
16828
10430
13901
12208
10560
14639
12699
17314
14812
14547
20928
12124
19277
15537
16515
15131
14776
17296
12460
10437
9098
10453
12051
14532
11637
11197
12230
16273
11660
18648
11561
15934
19262
11906
11567
10509
18271
16714
14215
20725
12870
15834
17034
37472
46865
23196
17239
20769
15669
32203
20806
22200
16774
36727
38708
26005
29663
23137
17715
19236
21231
24190
17418
21385
16453
15190
13417
12244
10817
14073
12977
13491
13884
13741
12881
17572
16924
14721
14816
9669
16785
22055
22397
19010
30465
17383
22402
12259
10809
15800
11178
15112
18529
15054
17057
18744
17651
16097
13143
22539
15141
19947
20428
20969
19895
18208
13847
24042
24905
26913
25654
32925
38252
30291
28440
21151
20903
11001
8365
9310
8936
7382
8032
9160
17411
16681
19078
8015
8724
8614
13450
6673
13225
11131
14648
20267
17279
17547
18558
20976
16681
13080
11097
14879
13569
16370
13308
11850
8698
12171
9442
9117
10009
17270
14591
15369
11954
16080
16395
19637
18414
15876
13706
18569
11577
10868
8334
