12203
9506
12267
8143
6978
4019
4322
10006
7138
6326
8877
5624
4020
10301
9761
7647
12147
12261
13567
5260
8069
8396
6668
4954
5091
5923
5535
10048
7095
7645
5008
1587
3167
3153
3179
5093
7506
9487
8120
5362
6406
5807
7355
6718
4342
7758
5466
6398
10433
11018
11130
6515
10165
11126
15146
24947
26380
11275
29892
22240
11990
18913
14022
12844
14322
16133
14783
17844
18843
8284
11490
11708
9048
10209
7489
8188
5294
6839
13462
6428
5789
7686
6093
5146
7885
10279
10904
25647
16940
9665
8412
9048
16393
10932
13157
11476
13361
8784
8929
12713
10176
7553
6412
6809
6556
8085
8357
18966
10380
5536
5809
8510
6544
5557
10483
12250
23524
16243
13214
14485
10454
30022
37783
19376
16696
12287
10676
16650
18651
15139
12256
22972
29204
14031
13395
16934
11706
10192
9090
8756
11693
15508
10746
17905
13324
9530
6631
7411
8553
6966
9300
7567
8154
8068
6197
7780
26810
10278
12567
9249
12822
6919
8069
10341
7401
5732
3681
9415
12200
9097
10209
5000
6225
7851
6263
4465
5863
9027
7753
18325
11338
7789
6589
7007
8180
9643
10988
9714
10229
6522
6608
6980
6574
10869
10680
49238
28482
21646
23382
24586
19997
19539
25890
20286
22616
19702
19320
24002
22600
17353
22399
30112
28894
32850
24394
24464
26047
20689
19221
13431
18113
30162
23996
21276
30877
21195
14799
21152
17149
14829
19675
24771
18045
18761
12706
19276
23866
22168
16121
19508
23088
23217
20279
39493
32110
26711
24385
24420
26998
24614
13073
12259
20785
20449
19187
26138
