12136
12828
18671
31674
23872
22378
21093
14456
19196
16963
18348
22629
20052
14971
27931
26933
36184
14515
21080
15110
4764
13609
15996
9479
12896
19314
24850
26729
20597
15600
29390
22371
15356
14436
24615
16428
20260
22462
25688
15315
26917
19768
22435
21013
18439
17076
17101
27906
20136
12622
14418
11585
18980
18934
15117
16224
15425
21080
17661
18627
24016
29074
23436
24369
27572
23299
23957
21806
17468
20556
28772
21278
16858
20881
15813
19816
22447
30804
22567
22265
21460
18612
18816
17845
18089
19284
13987
11936
13188
16998
11526
11332
13738
12219
16703
20339
22773
19514
21245
22610
22694
17963
17013
21089
25873
21052
28480
26062
24544
22308
47701
40556
27652
23180
17248
15337
20158
20968
23276
20787
27801
31629
33689
29702
38446
17130
21964
24038
27717
18046
32918
36973
30006
25218
22048
16096
18031
20400
27440
18144
18939
12673
15242
16334
15792
26130
18409
22989
18940
32605
23373
24329
22790
23029
17360
14028
16620
21456
19583
17641
21264
24241
29172
27771
22416
35001
34920
36231
32770
22629
30654
17190
16433
22352
20392
16061
30224
29437
27341
40453
28996
25487
20617
25664
56307
34305
89693
295656
137818
74407
100029
195611
87645
54565
63937
77097
123657
139341
93608
95710
128350
396979
348501
260214
136193
129840
188606
155597
98019
88070
88421
161626
148345
129523
123519
57576
82184
56706
30474
58263
52923
59651
50311
69050
72794
83964
85972
70882
105540
110788
120956
147292
75201
47899
47241
41727
49891
51690
39105
41208
46711
69402
47147
45703
41145
27967
21071
27963
36263
41126
32255
91082
59865
54169
35110
50250
