24379
34229
70210
80159
79232
143179
81210
57743
53507
12566
34742
25388
15797
25148
92997
88614
73394
54910
27016
47447
37712
133165
153855
66062
48829
41309
57289
64971
30527
70266
56271
548653
268545
131404
229022
176927
327130
180879
145404
127800
78010
71987
60072
81538
74278
45939
32622
43028
69797
73100
56908
55782
46257
72164
60584
53896
36873
33232
55686
40461
31690
35731
124957
104326
95555
77513
81102
49907
61190
66770
73032
65894
40897
36329
39130
45640
365263
216873
93705
336128
163486
90055
141501
84949
108984
87088
70816
51785
53268
72909
200307
319155
163475
136062
356081
316983
139891
219900
254867
187501
147992
128769
115604
207150
145644
106526
73947
96447
100201
139185
93575
51753
114294
141783
85974
74246
59335
82998
48463
84278
72610
110655
66923
54408
43293
45279
63235
43103
32327
81584
66932
48731
58235
52333
126298
43965
105082
65108
81408
39272
71125
106075
86083
35118
35786
71712
51737
41483
55562
52719
64195
53680
64290
46036
62808
64383
193824
130993
74971
60138
39768
80380
44150
90267
73755
51614
73143
56525
44785
65988
33972
39462
73951
15230
7511
8682
10118
7899
16119
8507
14193
24827
17946
10747
21113
23050
16518
11328
15638
12117
12669
31673
18315
21833
19041
15099
8691
7553
9416
10465
17402
17156
14090
15313
23621
20860
8920
19303
12819
10061
6952
49602
16518
13621
27376
13036
10299
12222
15386
19130
36088
32006
23600
25923
24394
33419
16432
35811
22610
21862
13753
20812
16302
17655
12026
7996
15799
20702
20258
26609
39199
21923
33753
16509
24662
17643
19736
12835
11767
15460
19977
13923
14728
7910
1912
10995
