7999
5829
5739
17541
16229
22235
19323
11107
16357
18804
16028
15019
22777
15978
15808
86452
28495
21511
23089
19013
26520
26873
29578
36698
27080
26189
22629
23802
25720
19230
16362
19223
15430
13233
15337
14815
11291
12429
23900
21383
12538
30378
28529
14791
16055
12842
13735
12804
11159
15977
10304
16689
10269
9255
8643
13620
14771
9340
16379
12421
16903
12484
14415
12299
9740
15334
29311
16214
12067
13484
11453
19529
12202
10296
18468
19564
13410
22661
23129
13753
37316
64176
21698
20854
16378
15305
23789
33600
45885
43071
40694
26217
14295
16908
30185
25661
24862
17120
28221
23539
16277
22636
41634
22266
14947
23151
17015
18156
31405
37043
23414
23166
15138
18110
18932
18391
19112
14687
14931
15547
14195
13867
12106
12210
6111
17394
18335
23351
18626
25874
20848
13405
19026
13330
17448
23018
31285
16491
14225
23152
16779
16184
25490
24871
23354
13508
17003
15396
19737
17217
13995
14419
12911
11919
16165
26544
90679
21217
24468
22561
13200
12654
217523
157865
150594
272124
340254
242447
146852
377183
200865
214825
152872
189097
246779
307547
124849
146934
263722
206953
185231
192195
189086
171387
212076
216491
135065
174195
187127
163602
211273
175923
309474
198268
183070
246421
191074
200318
257928
163383
213708
135116
247101
295904
389620
264439
232714
237582
372888
341491
176766
241312
220683
200081
244787
130246
187071
295085
229499
153907
163512
117646
117577
131810
64199
114142
223412
233040
287351
394405
204076
201866
177154
233307
171053
190617
149626
188187
177519
360738
288430
119068
91990
76883
137197
76866
86729
76317
281388
194296
259643
229855
221459
203801
238417
195028
