430841
311959
292750
301201
414169
404701
299091
648768
375408
377964
334609
283844
234725
203128
266237
309262
240403
216833
170072
242801
202637
134325
125866
179264
130314
126240
209903
159025
216530
169485
165449
220954
159819
148661
199069
421524
305084
239863
166301
145589
181270
182490
204221
177044
201586
165309
280239
180054
187145
174114
442249
292246
167759
170242
200646
162084
211724
258250
121816
386548
232310
206747
180115
370032
216551
187954
376376
230988
192649
146866
271551
217543
207864
296251
240107
242760
289040
414264
394112
329713
223490
250627
215469
234118
210863
239020
244781
264205
378056
263053
393300
276091
327445
298967
269945
237644
237334
205233
221553
220035
184471
205215
129045
139123
223087
207404
207123
163741
171544
217006
202555
302506
549465
216169
335957
302972
348028
157651
209609
327942
229837
158099
204654
249064
411225
368406
354713
227845
507028
574609
346441
310656
187629
194306
141836
244241
201423
253420
190294
243507
145602
380890
182725
277055
259638
571023
251341
197321
286529
337560
265507
8880
9531
8308
7095
7627
5184
7459
9166
15409
10770
10871
11820
8707
14670
11541
19970
11429
14441
9941
8556
11523
15034
9704
6708
8365
8092
12110
13157
12286
9104
7510
3941
8516
6653
6127
9140
11280
11630
6153
5893
8746
8962
11602
17574
13422
10719
12698
8184
8577
12030
19451
11668
12336
9881
13448
18852
14522
10773
8702
8200
16709
5856
3503
9124
8327
8361
9434
12187
11669
13888
13292
12639
6666
7164
9737
9663
7399
19064
6316
4591
4891
2390
3930
4146
4918
3965
7231
11348
15494
5381
4266
4277
10367
7429
6185
6500
4743
5662
8098
7519
4185
5428
6606
8502
19926
