12339
16851
7991
10036
15608
9649
8374
7906
8606
7637
7980
6165
4879
6216
8471
7210
7693
8525
7702
17540
13502
11800
6404
7035
7078
8746
14193
9072
8302
7052
7268
9034
10718
8434
7527
6599
12306
11895
8120
8410
6546
9051
6802
9980
7601
6682
5195
5170
5404
5154
5849
6167
10779
8976
5513
4906
8635
24104
15583
15923
11370
10096
16154
11113
11001
14621
23737
24063
16363
10045
8876
8339
10919
8808
11341
12399
19528
16608
11167
12208
11741
8629
9555
9933
13452
7623
10393
10897
15213
11962
9547
10098
8513
12196
7525
9039
10743
10984
7020
18625
10504
14479
12771
20924
17590
14080
11685
11016
10494
18215
8067
7545
10392
9819
8057
8826
13010
20621
26545
15033
14519
16504
12925
9006
13487
28864
19632
13736
12272
12842
9239
5221
10222
9765
8807
5871
7148
9686
6299
9808
60710
54863
87472
68849
42349
39102
56950
72926
46956
43829
36261
60876
58399
44259
35673
47391
65850
52291
52684
49887
39487
52208
57461
49626
36979
50179
65027
65376
56028
39893
69684
41589
62408
45634
32292
38451
38055
30061
49395
54817
62722
50510
45153
34430
34221
44144
46449
50780
34550
40729
35157
31231
42600
30311
52401
35136
40798
37974
42679
27671
29690
24976
15842
38591
32149
40147
30581
39123
37552
52323
50372
31521
38177
28406
28672
39768
41516
63279
38628
26291
20674
16500
18544
23387
19924
19772
37809
27075
43146
30856
34774
33570
43374
35639
53640
45245
35311
32254
48862
48552
31322
38286
56764
38013
46583
47232
150231
63808
78596
79782
39765
70299
53715
58396
53735
46164
