44433
41732
56622
44095
51981
56544
53326
56936
49284
32865
35890
32837
37482
40863
29920
35587
35007
23607
31142
27141
26317
20428
39593
24950
30461
33592
44522
47217
24367
42490
42534
20956
26660
28035
46959
31618
25356
19540
29040
33937
61371
55923
28621
31340
30593
42326
44404
36885
57925
64268
45939
35796
36803
130582
67351
97121
132561
59407
74046
55208
51039
68099
103695
68145
79285
121095
104721
59111
74341
57486
42134
40977
45730
33046
29398
52458
59645
52563
44687
39455
30647
34543
47021
25261
28731
37462
37084
37654
34879
52839
52455
48334
92824
74393
81653
44274
47471
62402
42236
38683
52601
51610
42073
34243
46774
30345
59741
77384
53789
65257
46831
52087
35743
53607
63554
45644
72649
67559
54050
36739
21680
53399
38505
33679
27273
21952
42358
35336
46077
21802
13652
19067
18027
26177
16326
18458
25248
23855
22769
23165
25149
29222
34522
20987
34809
31845
33646
22393
20444
28411
25130
29531
21951
13184
32095
47707
46371
37738
31988
28184
26847
45542
37221
25425
36213
27497
31233
22889
23570
27369
28757
32186
23366
29553
21707
30540
32711
46254
30354
30495
30001
29447
29886
50697
17815
21879
25036
32189
26827
31464
21365
9024
29069
22324
14394
32488
33440
22082
22375
22732
23889
21311
66307
40974
28614
25147
28373
22336
22400
28374
10195
15015
19773
10848
9996
20549
22249
18251
22483
29556
15153
22385
21517
15878
29655
22060
20247
31931
29190
13981
19683
32771
27215
31757
22287
18880
21405
24265
29892
21302
26638
79897
35781
29184
26981
21552
24917
19205
18966
21499
27026
19993
17550
20391
19077
23692
