24443
27600
22398
25583
20167
22909
10571
17807
18108
28711
31700
42081
30652
27973
20588
34015
35907
30938
22092
31707
24248
32145
26831
82405
70128
31520
34117
35928
27704
21154
32899
26007
27113
19884
22446
26563
20845
23347
21755
23415
35360
29584
41994
33763
47584
37217
31913
38557
34529
26077
19979
31295
29563
26944
28383
41351
28622
32534
32942
40220
32136
33410
40523
36339
63270
51222
41396
32087
34564
22894
31093
30295
17484
25655
30267
30359
30018
26899
28080
71729
30952
41405
36881
32648
26015
25950
27288
35240
18648
16126
26232
21032
21221
31066
23017
28813
24124
21102
23361
17100
30374
16652
18247
38238
26195
21036
15995
17693
68824
26285
47956
24787
29611
40691
26963
24467
29536
28261
97347
169455
118005
66998
87428
81432
53448
70405
66482
133289
107716
89387
77382
111190
100177
103056
120649
99796
90890
91973
76445
73074
76412
54868
99786
90597
80886
106896
87447
88761
88364
50391
75874
66687
62488
76109
70165
145563
85890
82676
74854
149859
88358
81167
89823
75817
102329
109380
74164
84188
91827
94455
114432
86077
84334
87630
68104
75319
76780
53378
53994
47470
36099
73909
49313
53900
52194
110189
60568
80535
52427
229002
138216
86043
66662
90947
67442
81275
65824
68469
30241
17736
41477
35304
31826
31950
88669
86594
136304
88792
70264
59951
56278
60687
68162
53772
222523
119792
137570
134343
92107
106124
148226
84424
97563
76342
79767
83182
120031
123446
94452
96576
73743
79332
96652
131541
118030
116332
144415
123512
93133
91135
70151
98502
133284
66664
114416
93070
69182
80412
73157
56715
37918
58098
80398
75636
85303
93831
