106839
76133
114720
85082
114782
95339
131288
67284
63439
63881
49549
107993
71762
88988
52580
69682
42867
39633
36349
82399
68982
64903
48851
86183
247512
154996
148806
105931
90149
79068
76583
86848
99592
198346
169060
159599
124708
74682
112399
136343
135572
122461
150706
171394
146058
72922
103389
139809
88992
100703
135395
97602
82275
136266
138359
154778
98108
110670
69292
109467
123601
67795
62987
66583
77108
76043
72102
118034
98936
94018
87717
89443
93512
77471
82883
102235
144162
118624
103190
89566
51309
76126
103110
73848
70813
77433
54844
57064
63091
70143
63809
76782
81890
59761
71271
84545
58839
84751
46970
61393
113671
60058
78969
43543
68836
61214
66079
44550
34075
48859
35345
34464
43845
37446
60347
43324
44550
28701
57919
39740
41749
29567
51677
49742
46154
61204
42289
42487
47585
58636
42396
40533
46091
57806
62155
47083
39765
39523
27962
46279
50470
19129
32826
45913
26211
37863
39376
30957
37911
45529
41568
40392
30429
48308
33735
31740
61722
44111
31740
30259
24726
31921
36314
30022
39909
24672
30906
36014
28764
17714
43021
25942
30304
36588
48733
34347
28326
30618
21785
26075
29368
28988
33448
41007
63364
25469
25042
37421
17554
42990
29552
22566
35615
32994
45453
34097
36371
23258
23205
26845
31279
18107
24855
25169
29409
45404
47982
35593
23411
30210
22052
33154
25062
31707
24289
74540
46609
33042
34566
30148
26152
31927
31129
26150
31288
36961
42168
47296
30029
28433
36457
24614
20089
24565
23562
35573
24501
55938
35776
20760
25177
21180
31393
27255
33336
40767
26092
21929
41542
40888
28536
21628
26195
25593
24549
34861
