38947
35516
34255
35624
27885
33470
27266
31834
41433
27642
19865
36025
31688
36772
31903
35169
31293
52316
47114
41866
38730
32287
61287
46208
46673
38298
33398
28911
38046
32282
37351
37537
57572
56606
32200
43195
41337
38517
36082
34975
52487
33322
53397
42647
42284
43344
35362
21465
38848
29383
25325
32994
36504
21831
35350
29697
31882
35003
16731
48876
40343
43046
50506
52159
49502
44426
23670
22355
30371
23823
22410
38226
27474
39781
36805
44373
32817
25207
22955
24046
40513
26216
37120
25148
22707
29405
19408
26139
28647
32019
24590
16608
14930
27715
28869
16906
10987
11831
9629
7430
9770
8948
8311
9358
6021
7436
5214
15869
9446
9740
9941
12966
33723
15994
15646
12060
12800
10156
11866
9907
6905
8165
12084
10049
10210
9424
9255
8430
12896
11044
11681
7839
10869
10199
10700
9925
13684
12125
17041
13380
14442
19420
20226
9860
11857
15112
11238
9220
9406
9586
8239
9097
8522
15438
15993
8809
8247
9642
5700
9816
9022
9766
9469
10293
6963
9446
8838
9547
9197
13283
17555
7752
8924
11913
7524
6691
5423
2601
5846
4530
5389
4565
7741
7622
5050
7064
7153
7971
5253
4812
5634
8067
7240
9026
9536
7484
10940
8195
13935
34612
21740
12566
15824
9233
23612
15042
8544
7668
7904
9120
8751
13588
21477
6912
9742
10563
9294
9131
9316
7645
8509
14851
10386
10648
12464
11369
11628
40123
101992
34466
24716
17003
14482
30544
30896
21717
13723
12768
24246
27723
16263
13590
34816
20144
18945
19576
25492
11559
23682
20430
18319
13432
11778
13946
8092
9754
