7823
14588
19704
17561
12600
15468
12786
10872
11556
10366
14286
19216
15493
22234
22725
11042
7663
15454
16078
19570
19408
17407
18336
11790
19313
20139
16385
21167
15633
19775
18047
45356
17398
16288
14345
12569
12341
12978
14774
10957
14677
16535
12263
23550
13958
11726
11793
6883
17628
15206
19623
12294
10603
10584
11150
12342
6303
8444
8560
10137
13619
6024
16416
14329
9733
19880
13271
12715
18310
20571
21257
22271
16164
12923
19342
13483
7855
17817
14213
18585
12931
13981
21362
21134
20176
54170
56358
91485
53490
48644
94664
103385
100256
95439
54560
36985
85808
152797
143180
89675
158568
152275
66808
65116
73100
66134
292182
118133
88013
73021
69048
68008
61587
81153
60791
81930
93036
104600
63100
59551
60171
53642
104352
61555
39802
103779
69232
84023
48450
47596
98070
86638
57311
110282
134721
208580
77938
72442
78576
102027
57358
65987
64539
55471
75397
61703
31288
55934
58653
64908
47553
118987
61614
89499
122060
67221
66466
42421
62477
69929
69086
78657
52390
37979
68027
21634
32855
30844
59539
38664
38535
66329
50472
54378
40557
61423
319223
143484
91112
95303
76526
80930
128384
87188
77036
61890
109483
127694
75596
65807
81179
64171
71948
102784
161706
473980
136791
86852
84337
74419
90971
52346
89401
74708
56730
37588
64686
57454
58759
59838
33194
45010
53994
62674
136461
73341
62440
45717
37216
67215
57205
106126
78234
48911
43779
49985
46554
58221
30194
45695
42206
34815
28155
40449
37075
32132
54267
51707
35361
69672
70641
63403
42427
39515
39464
31570
41023
30126
62674
45150
29750
39772
34961
67007
102514
197434
