202570
117746
169940
213670
100534
120733
75107
73039
69155
87537
104630
68936
94407
62460
38335
39767
49176
52135
43816
82800
83903
98701
51918
52336
70477
67377
63930
81812
52671
48648
45655
53348
52338
54114
71736
53910
128721
93584
89275
57706
53672
38458
49826
30654
29110
39512
41275
49814
55012
38831
49815
39298
47352
45242
43270
37393
27638
41104
35333
54796
81782
170109
36786
65913
37553
45188
70912
32604
31029
50265
38308
46719
49351
31599
24713
31255
28527
16140
24327
35341
23398
23802
21236
22183
19536
29496
30035
19227
30126
18755
28138
24794
13838
14944
12275
17824
28734
14811
13060
23658
21715
20879
19353
19130
15534
16127
17953
15778
18902
19396
26728
21425
19375
21177
18783
21479
13019
23180
24386
25445
55772
26484
19728
16634
14969
27664
15994
18252
14701
28026
21831
22960
20693
15347
8665
16744
22635
20946
13341
12401
10091
13683
18832
23068
16172
16719
22577
109880
57791
30511
36016
28117
9964
4331
14109
9027
9084
12349
18438
21820
27136
22218
31283
36055
21631
14081
14149
28481
19354
28801
26789
32635
16620
15413
17227
17160
20230
19174
17461
16257
24721
32830
16203
15291
15533
21124
16092
11884
16630
16079
20416
24038
23010
35694
82902
24253
25281
32154
29149
28499
26148
18110
14493
12391
15884
15323
21648
14379
13036
15347
28481
25439
21926
12615
15583
14866
13829
10356
11203
12645
8347
8696
12759
18408
13921
13235
19532
32484
31134
27784
22872
19466
19219
13636
14652
13640
25463
33725
42047
26235
24023
27019
24813
53326
41659
40675
32703
22860
21568
29054
23495
31714
30056
36975
38947
22700
