29789
27842
19862
20787
18143
21171
19999
23618
44359
42250
59976
61924
45230
42375
37963
62605
39286
55386
38227
52572
52003
39855
77173
66257
77780
38635
49843
48158
50715
34178
49625
42272
33178
60027
49785
53752
220714
142852
96380
89155
129815
133791
90923
70310
106984
82006
70757
37982
50095
58591
55540
41569
49655
36213
44305
55842
14163
14271
19423
16893
21070
10783
22819
24035
18728
20459
14591
25516
21712
41192
44765
28389
22725
30001
26067
19163
24423
25992
25784
27614
15508
28152
31268
29521
22470
19591
23908
22064
37334
17719
29942
42847
25400
25532
30931
30632
33939
36717
36660
61198
47067
28039
38135
17004
14628
43546
54785
28918
33717
28180
29285
18701
28653
40281
23274
26723
15562
13387
31271
25609
43166
38742
32581
29390
29686
37475
23841
24075
41338
41456
77299
32753
50711
72042
658645
103422
12949
445988
461248
266104
592350
987089
3444349
3325776
1917371
805471
444007
493968
897380
1066979
766571
2057925
1462498
879557
1120476
3561277
3275953
2607910
1687973
1926714
1516396
595955
662193
1842875
1429022
1435940
882430
832899
1718234
526185
283582
389709
460047
561454
849861
771080
689187
642248
625261
383315
574588
631415
944328
1586958
373076
643960
315944
527689
354715
376811
395123
445204
1349149
1356934
673742
257884
332746
331885
281383
492941
624068
960972
677903
488764
223265
220904
313673
296930
258450
260819
291589
341802
353724
941791
566744
404303
471061
126378
281453
173631
167260
160784
523197
573485
201090
274318
210861
143219
387145
188936
275307
637187
390289
307223
240597
413115
221361
406867
493761
698448
564769
357596
819119
387471
600670
499615
605986
369669
450920
383300
324572
273753
268788
220106
507887
179172
