348707
227044
201389
903876
314241
249750
295553
181207
209088
169080
236964
510159
247009
239802
153515
217351
351368
328834
446093
1034725
532636
293376
297044
239556
183794
374388
301490
154108
234498
496380
318612
307110
279211
334210
489722
842199
1423845
344781
259954
224406
635860
689462
725037
850614
631664
426514
3109279
749170
514853
676168
821637
1609871
1093460
621601
572709
339398
459763
407367
481398
533989
779034
1004273
720867
683644
589909
377041
648209
360098
28678
20424
50283
42679
30555
13647
41091
37657
50446
50884
26396
42432
38595
33480
112274
40796
57016
35059
32967
31246
27700
34715
33998
38037
26320
45851
38552
27354
15237
15621
30109
28673
35887
20278
31077
46819
54569
112586
33370
25258
19247
16558
23691
23337
36528
50474
27368
19884
30694
27900
245316
28071
54350
13558
7438
10863
9026
7066
14838
12785
15004
12667
10835
6784
13937
15039
18603
16076
20702
15624
20929
23993
16991
9692
9488
8258
8963
9309
18403
19050
24001
14942
11450
16568
14751
17105
7489
8199
8159
13591
16905
23032
58974
22685
29393
17693
11420
13939
11257
13896
18942
16956
21302
23744
17062
20604
13701
29900
22134
26958
21690
17948
23332
18642
13896
9266
14432
16758
14253
11141
18537
15985
12315
12703
10360
9674
9728
9809
10638
8222
19161
9846
7715
7289
1830
4906
5826
6739
8426
11737
14732
20939
14964
13840
29011
18339
15843
10307
15347
21854
14526
17176
18853
42999
24938
30652
16264
20540
29093
18560
11204
19617
21534
21809
26023
11763
13063
17908
18748
17621
10926
17088
12124
12884
10768
20497
23880
19903
14450
23804
20752
17658
7800
12830
18134
15174
24402
12370
