9067
13236
6608
21898
15440
13969
13165
17209
12604
13430
11216
12611
14442
11978
12791
33024
26866
26314
22303
21810
17189
17252
14655
26725
47029
23657
28046
15927
18222
19152
17614
28407
39016
20999
28929
30247
31628
39604
24075
20955
16534
12143
16283
17204
18702
26443
26519
37723
25357
32790
25491
22049
20048
14810
16861
15716
16754
25971
27816
15540
19193
12771
15299
19076
14737
14763
14370
13849
15030
15171
10427
21173
14981
22169
30800
24347
20220
16904
17946
12854
8493
15839
15162
14354
16690
16163
10917
16523
46983
33985
27963
26912
22241
21493
16352
21643
19924
18334
14918
17669
13138
8944
19642
21689
15401
9174
8763
13438
20036
15317
10971
11697
16721
12792
14278
17131
8652
15149
8882
9679
8643
13360
13892
12234
14543
18207
16737
13406
20056
13263
9244
9623
8063
5071
4928
13098
12207
10937
11115
12996
14214
8367
13456
21263
9521
9748
10624
15493
10499
15256
7639
11803
12856
10072
11667
10894
14690
8332
8200
7461
8459
6969
5753
16811
11103
4729
8212
9564
8706
5055
6707
5312
3513
11693
14608
12706
11718
15593
10459
11824
7443
13495
10296
12169
10694
10069
15652
28881
13062
10705
8110
2598
6724
5149
5448
6597
10493
11570
10118
12507
16527
20140
17863
11041
9659
19198
8840
12634
24839
14556
11759
12978
10320
16307
25287
13922
17132
16343
23530
18912
10083
21358
19560
21688
16453
10633
20601
14769
17739
10891
11675
14166
12319
14526
13480
18421
11813
11179
14825
10800
12541
10060
7567
7178
7392
9956
12913
15537
19250
11329
9599
8131
19536
13495
9495
9643
