8922
7855
27475
22088
23688
13395
8739
7780
13002
15002
13066
13659
11280
9838
14655
14075
9456
9715
10595
19727
9547
14222
11583
10534
11473
25303
27769
20724
16085
14842
16095
15188
15305
14560
12598
13693
20502
13282
17647
15310
16648
22716
17570
15815
18942
31344
17531
21178
17890
15104
17185
13969
11330
15221
13321
9321
11453
28756
15346
14259
15991
10180
14208
17259
13812
14179
14159
13404
15753
20620
11106
12799
12758
12733
12587
15113
11272
10380
16313
12249
11352
13603
12666
15616
14520
14971
9601
9775
18017
16489
15376
15710
14340
11839
9440
15348
11086
12138
10927
63377
30884
38367
35704
35977
23063
27662
41474
45621
38436
31125
29700
42757
37282
39656
53682
56889
52874
41864
27109
36665
35625
34284
25111
17167
22821
43704
36585
49064
34365
35534
26925
38267
33437
40410
29187
51149
39268
52683
38960
39245
44406
44532
46855
48501
40402
46432
44202
41813
53214
32857
25344
45508
29935
33601
26140
31276
32268
48172
36001
35525
45757
20966
45410
43288
51582
38592
41238
38771
31189
29959
40780
33627
49802
47866
44849
50626
50623
43238
40965
27567
7425
29838
27804
24407
18883
43675
52237
40889
51269
50902
50945
46168
36167
56117
63497
47306
93568
72628
70458
55376
78181
61036
39716
57772
43082
37498
79636
90479
108040
30550
44782
44110
63872
52884
40772
28530
41491
38490
32264
37972
51296
42570
48215
58274
53457
39452
40642
41072
27360
38761
41883
34487
48971
31900
49600
36128
42988
55044
40360
56909
58929
62207
31291
30870
27938
27144
33017
26307
36364
32535
26715
30922
30924
38183
32672
41541
