71945
38979
34787
59884
54333
73978
60012
53656
88868
40008
53424
25511
47236
68266
123537
117666
59554
36680
74516
62097
62994
50933
42327
48757
54701
53922
32303
70537
55459
52365
40821
44329
63496
59648
69588
50248
78728
66077
66682
46354
44258
41624
45604
55922
46947
39966
54014
56380
51427
62673
32971
48491
54388
58514
34312
58400
71645
59573
33075
39879
36082
47692
45644
67894
30212
51143
45378
72394
70875
49941
58598
65369
72406
42524
46330
37106
38644
61545
41485
29566
40865
45094
41448
33024
26712
42374
40342
37074
26443
17571
26036
11698
15244
14670
34431
28673
18083
24233
19442
22288
18768
32100
30581
18944
35391
25834
19304
23609
17546
10990
18206
12634
27886
17303
22197
28993
19655
24483
40373
36616
29072
15945
18465
18205
21005
21142
21020
17488
27971
28367
19786
21135
19062
17629
24947
29588
25515
20913
18888
12353
20050
19450
12157
11620
14022
13632
12276
24787
15225
8734
14322
15007
12144
13270
13046
10481
12581
11729
12397
11182
17337
17935
24926
21321
26816
13094
9643
8269
2901
6767
6846
7153
7702
10623
13935
20286
11863
33294
22965
26650
19056
13320
28664
16811
20298
51026
32926
23116
20510
15580
22531
20969
25645
25327
58312
26233
32528
14989
28478
15038
24636
26263
25569
11727
14735
21775
20476
91339
34613
32950
29522
15512
15142
11183
12664
18525
22614
13323
20342
23657
15864
10809
11729
10934
9592
39633
21011
15836
16423
19635
27793
12275
9117
11514
13552
16334
16270
17776
25409
15074
7740
9947
24174
48503
33947
29357
20040
29962
17652
20950
10340
21094
13439
19971
25166
34859
