20020
24922
43757
43659
29380
18090
16513
16550
19635
17778
16491
24781
30808
30325
25117
30463
18452
24171
23691
16792
19150
14155
17966
15030
15581
20276
11088
10413
10331
11426
8753
9656
15378
12241
17663
15986
15587
12081
15287
13824
20233
14861
14616
16056
13440
13401
12802
17037
45475
17103
24116
12351
15705
19032
18829
13031
15557
12019
14153
15219
17653
15995
23756
22222
20443
11382
34217
27603
13969
12729
13413
17193
19540
12178
31822
31582
33973
24528
22586
31622
22533
34654
26368
23721
17370
26795
51683
20229
21226
31364
34339
41490
45084
29677
31879
43683
32028
34333
28465
24089
40093
33980
46032
50482
65189
44801
45696
23841
41721
48963
49134
41879
54914
36056
32896
62570
32877
51005
57855
73540
84822
48884
32559
34577
54925
29223
19289
27366
37856
41725
45660
42975
40293
26997
28064
17481
47875
39304
27098
32278
34440
27109
20908
31167
35606
28634
17779
18581
22149
22027
60520
21652
22506
25990
4191
19781
18067
20641
23969
43729
48636
77610
35545
45285
55733
43170
45364
46683
35711
42414
37984
39189
55912
39594
42375
32162
39397
49608
40133
34963
27649
36192
49423
27869
40073
74624
205254
63139
54862
77185
61676
45069
43955
47529
35568
46440
63314
51129
51871
52017
26081
34844
22113
26503
43223
43718
49320
41095
55673
35968
35764
64289
66370
64045
29528
36688
45082
105705
48597
64002
41918
38974
64096
48478
48876
25460
53953
98636
77457
59550
65653
49821
27938
47040
49955
52484
44540
75677
42519
78834
108385
62223
71228
75373
86611
91029
67828
77941
45076
51415
49801
65834
85041
68259
63751
86684
