58066
76037
52899
49294
43207
55851
90806
69887
47325
72486
51325
40714
33816
39108
44824
58982
60269
63482
41460
63918
54289
67286
71589
48567
87639
46763
52131
62478
40613
56872
66430
62115
82157
66212
59155
52035
41248
47682
55122
40055
58837
54768
64264
53157
70832
153840
67463
57574
112836
49314
58277
63486
47083
61147
62832
40315
54775
34782
50286
34111
552832
935814
535456
445021
625647
442503
438104
1027712
659201
871698
425397
474960
340411
487878
345243
507714
1074425
1033722
533312
528221
555819
1394413
884105
619088
458838
467277
959595
1015308
558250
426786
485007
338689
783549
326128
1523726
1003720
588581
403711
473712
628338
501039
697771
534323
477055
605803
729867
946652
1250501
1599757
2032878
1366497
893899
864444
862021
1217692
1268095
1204327
906257
593146
613417
470883
269225
421852
589000
1040116
636565
579353
795334
414762
574729
528618
636436
634746
379836
1094178
714604
557245
880330
533856
508602
648149
248956
539798
408215
466995
312536
608557
2156201
2000705
1302016
1304629
1706261
1629959
1545270
1165726
961747
659339
716494
1214513
1615300
1216214
1082504
1050915
2034667
1597411
827481
1197853
901254
1297921
1815351
920313
832070
733955
651161
694654
625374
659831
534067
469899
419930
1146883
842007
831144
723683
1426054
1937065
1570045
898367
1069206
789031
839342
568505
593859
1047709
951981
746926
1373186
2350943
2524136
1705760
1670023
918208
889092
604003
1582249
1420551
4336590
2129520
889571
764237
881123
774913
604085
507830
710084
1536020
1591104
1496444
958550
756306
1203930
933310
920021
1230291
2926673
2080234
1101143
1463228
1064167
1232073
1985255
2370946
2610664
1343886
1257389
1026569
1001599
1058559
1086866
1013187
1328643
1564491
1744550
909055
1378586
1468719
907007
788234
809772
872652
795686
834808
762289
814943
749475
647995
