502805
581444
517908
619540
694300
554176
678142
735089
831343
744910
1481683
580476
1248666
1828312
1533829
716070
812469
725652
623554
507326
563540
1039231
680513
660203
689054
499099
531348
676450
1020314
1616081
1256295
973053
597466
885446
795396
771246
1152025
608749
515747
547045
390719
502650
681320
680178
416354
593160
610434
610589
508143
12913
8245
16028
11183
10199
8479
9653
24519
13937
21896
15238
18323
15828
17093
9974
14440
11144
13586
17703
12418
15565
13743
12286
9690
9616
7137
12946
16675
16350
12885
11219
7174
19205
22814
39750
13461
21444
22087
20110
21820
20318
16721
14215
16129
12289
10802
15332
12721
13556
8929
10985
11059
7988
7507
9641
19061
17775
8184
9741
7288
5320
4444
10842
9433
17860
12078
19725
10588
9195
9118
10126
6033
8150
8042
12771
11906
13713
10049
6340
10195
2642
10023
11362
8246
9035
17159
14493
51646
31225
16580
19924
12636
13304
13347
16491
46921
19556
15769
11931
10586
11407
10893
14916
14307
14220
19874
11932
15591
19346
15739
13632
11256
8814
10655
10796
8082
7848
8592
8427
11395
6682
10903
13153
16293
11642
11602
11385
14012
8955
10946
9120
9640
7513
9791
10921
11915
8571
23377
18540
11021
11852
12093
7507
9844
7610
9134
7773
8512
11990
34200
19040
9590
19237
32568
14801
28879
17533
13391
21233
15301
17793
10077
9893
14754
10734
11522
11117
13511
15770
16591
20114
17058
12349
17308
16210
14993
9495
9378
9551
9880
27808
16818
8751
11389
8977
7773
10179
9897
16059
14913
14740
8548
11495
9812
8620
7687
8705
8242
13476
15301
13950
13288
7986
8045
14020
5891
11712
