14141
12962
11051
18383
15854
13438
14308
39032
18314
20103
23595
14974
12256
13272
12922
11378
8173
9734
9266
11101
8505
11542
10038
11640
5063
9534
6107
6235
11683
6383
5344
5113
11080
13252
12449
160149
146568
157136
178113
144333
127250
137690
187084
139924
138326
107649
125532
130980
161324
120242
129559
135760
134420
138471
116317
125524
153937
180806
156182
119918
130129
138945
166678
171468
114357
132626
160905
197114
106511
99729
114360
118279
100999
96109
124846
136475
231008
177904
169779
165446
173082
177384
153145
134281
143748
154452
143045
159691
113137
150500
120642
121129
144504
114197
116933
95954
83356
105494
141407
122821
112791
110148
222306
134340
152281
133085
97402
125019
86641
103541
91763
122490
121444
95614
75668
98403
37672
78749
82160
57180
44661
90426
86573
153468
97524
106565
154655
170843
122805
93453
129699
114786
173175
343594
303120
163316
215600
244753
317571
255892
244191
256396
231290
268799
374645
239305
252260
193162
229340
215362
172630
164052
189070
151158
122156
178961
170490
213400
130874
150399
184871
170255
130626
154014
112110
128803
154812
127284
103411
115646
129718
119704
117129
156103
140598
126906
109664
135026
117495
173210
139912
82618
137884
109855
109411
133470
105012
97554
104160
104160
82422
69411
148690
136453
96255
254128
160804
134288
97345
190513
132777
139687
122695
175895
218637
227578
274823
319028
197489
185198
278763
147463
153769
198131
190118
208253
283520
269574
158758
220975
180271
151311
117847
131050
118592
167066
149820
223423
224354
160822
138827
110515
117184
99720
94711
112660
98839
199918
134666
146818
123296
170154
140313
144084
135864
180462
100974
127718
140624
128947
118813
169812
116658
105322
110785
139440
