88795
168333
228120
189386
149978
99023
132741
117578
118003
111576
130255
90698
101551
96579
117759
53588
102137
118900
94579
64222
63499
97431
98683
99165
22448
17908
18976
43756
23946
9450
19844
31084
29216
108077
38801
39940
38223
35883
33798
32766
41005
39303
47727
43127
31853
41598
37768
35519
34432
49546
44154
74781
37264
37233
86142
132123
57742
41032
39041
49965
46732
36818
26348
32741
46019
50338
44188
39575
49018
60643
46089
25394
33099
41302
34140
37731
27598
33769
25546
32188
41529
29915
19376
21842
31201
23837
8905
31810
27491
29254
113384
60629
48566
31362
36679
28063
26453
27247
28441
24174
23490
21255
22880
34109
18003
7475
15791
16712
13615
10205
47981
54373
158749
40133
39451
27459
61900
37178
23179
34988
28124
23739
39988
37180
26492
26121
25264
22209
28743
25679
18461
14677
33405
41817
35474
20952
21132
20000
17871
18200
13524
17907
21488
14930
16651
21493
21451
24118
35447
19018
19661
95814
30753
17562
19894
17271
16424
13310
10178
10003
26059
16218
19244
14774
22186
11729
14293
20763
18565
15755
17121
13815
20481
31082
97332
51987
30476
28066
36233
26570
20418
26464
30322
25564
21155
27852
28758
20419
24744
18369
15030
28835
17191
25817
35442
38476
41069
29126
20479
13363
46907
26223
20862
34953
57862
40886
50976
19744
24195
29640
36712
24127
34694
56442
78369
41336
32731
26284
21464
19785
21854
21304
22948
19370
15973
24467
23330
23251
28535
30830
40949
21134
32727
39972
38354
25843
39420
143196
48751
28134
17273
25180
32905
38947
39721
38726
47137
61991
22999
32370
27463
33324
81289
43860
28837
34462
