16476
20474
14356
14814
23967
19777
28100
19109
13068
18120
14387
16580
31540
29668
18280
27197
20584
27847
32962
18222
54070
30411
19579
19611
35299
24183
110954
50650
46586
44525
60053
42933
28975
29279
29383
31208
29925
33080
25804
35470
41695
33600
31428
30806
24611
69774
24447
15183
25208
30341
29961
28657
20850
34199
21939
23180
28644
20958
34972
28564
22045
28949
41107
34698
38819
25165
19386
31970
36730
23329
19677
24225
22329
15042
21009
14955
26054
31942
24756
32463
29267
22780
68669
33895
23762
18153
26444
49239
34951
84001
48039
36377
35548
21713
14580
21251
29173
15889
19843
32155
24934
24909
30931
43511
61321
33450
28556
21042
43696
22892
27930
28654
25518
18784
22727
35241
19741
31396
30631
32173
25936
38303
55352
29670
46947
21967
22727
29019
26491
24843
17142
29999
22187
22172
30833
30070
30299
24189
31692
35795
24481
18175
19246
20232
25574
43318
36051
25168
27983
48899
132373
56129
39049
41159
44579
57199
37770
34235
39798
41684
25277
20918
17942
25223
23439
18759
15422
13585
47541
43428
38126
28660
35465
26284
33020
28796
20758
29963
24394
23255
26627
29941
35728
22245
40789
48731
35169
28950
17793
18914
26873
23559
32156
29605
37475
42499
23642
43535
31797
26108
23139
29043
22419
21950
38839
40512
34129
34359
27333
24060
35071
35624
150620
79104
37332
33465
46660
40158
41126
80144
31761
53493
45704
65623
47199
57450
48397
32194
35004
29025
52785
52600
38844
30241
22479
23037
30160
44905
27983
72477
32826
29310
23353
24535
24792
23539
32989
24779
18455
29153
27800
37365
30264
19723
19429
27805
