26999
25724
17014
12781
16309
15541
21432
22491
17767
24922
23039
29316
15792
23955
20717
24541
18344
17488
17085
29297
33552
30256
19143
18607
22216
23860
12157
13094
29062
14957
21616
13861
21531
23210
14826
16775
9891
20845
15338
15769
22152
29172
26360
35831
22588
19790
28384
43654
38742
15183
16765
19999
19363
16974
37326
24339
22769
16810
15670
16263
22818
28361
23497
20263
7798
24693
23840
25158
30945
42686
25873
17979
19951
22674
23555
21577
19467
31474
24727
32621
14885
15316
14795
3293
8763
11160
14107
9297
18408
29222
34262
23276
22868
20269
26873
15559
21441
22441
16406
20684
24359
24506
18926
22777
22598
14455
19068
18422
23092
15378
25459
23305
13434
29094
17136
158768
91424
50275
45348
40625
33647
39665
28952
27846
33062
29725
28716
34575
33497
22728
26365
23634
26982
29539
28974
24992
31073
24410
25343
29502
41643
42652
38780
36972
43457
25131
31678
33732
35861
26787
23203
27777
31986
19911
23492
21183
55502
46915
50071
77348
52346
52608
41934
53277
35713
56148
38243
46430
41023
52803
38534
47821
50109
79270
67488
42262
32500
35124
41823
41370
41089
45631
42158
43039
42444
39134
41588
33076
26287
34212
33245
27892
34296
47942
62290
47189
35223
24038
14959
24337
22092
21389
36068
20781
38764
45400
23011
24802
49575
23047
23374
27701
25681
18911
65189
37318
21726
27731
28339
32876
19468
20731
30799
22723
30362
45796
38108
46553
29058
41367
32090
39204
38291
40721
38330
36479
21387
31796
24996
32199
38079
30021
32129
28567
31542
43304
31929
23202
27079
29104
29831
21448
19522
20944
34487
25334
