22598
14455
19068
18422
23092
15378
25459
23305
13434
29094
17136
158768
91424
50275
45348
40625
33647
39665
28952
27846
33062
29725
28716
34575
33497
22728
26365
23634
26982
29539
28974
24992
31073
24410
25343
29502
41643
42652
38780
36972
43457
25131
31678
33732
35861
26787
23203
27777
31986
19911
23492
21183
55502
46915
50071
77348
52346
52608
41934
53277
35713
56148
38243
46430
41023
52803
38534
47821
50109
79270
67488
42262
32500
35124
41823
41370
41089
45631
42158
43039
42444
39134
41588
33076
26287
34212
33245
27892
34296
47942
62290
47189
35223
24038
14959
24337
22092
21389
36068
20781
38764
45400
23011
24802
49575
23047
23374
27701
25681
18911
65189
37318
21726
27731
28339
32876
19468
20731
30799
22723
30362
45796
38108
46553
29058
41367
32090
39204
38291
40721
38330
36479
21387
31796
24996
32199
38079
30021
32129
28567
31542
43304
31929
23202
27079
29104
29831
21448
19522
20944
34487
25334
28944
24001
27061
20718
16780
16163
24549
65068
35958
33421
19616
22245
19861
17671
28859
19666
18462
30226
34508
31699
33916
30381
30021
30481
34409
14294
21252
26148
26572
69859
24558
16290
27472
35157
19056
25429
30760
38265
34616
19377
25994
24585
27720
18718
17257
23988
33084
32355
43424
40314
25219
31073
22318
15477
25303
15823
47477
47170
40972
18237
25784
25698
23193
29110
37793
79448
39873
26156
34224
20483
23458
12609
4640
9713
10419
14746
13677
25890
20624
40722
45616
30999
16690
23358
30953
27892
57310
115204
56833
64888
49546
30136
36996
40496
25062
37662
39004
33772
35223
51419
