28944
24001
27061
20718
16780
16163
24549
65068
35958
33421
19616
22245
19861
17671
28859
19666
18462
30226
34508
31699
33916
30381
30021
30481
34409
14294
21252
26148
26572
69859
24558
16290
27472
35157
19056
25429
30760
38265
34616
19377
25994
24585
27720
18718
17257
23988
33084
32355
43424
40314
25219
31073
22318
15477
25303
15823
47477
47170
40972
18237
25784
25698
23193
29110
37793
79448
39873
26156
34224
20483
23458
12609
4640
9713
10419
14746
13677
25890
20624
40722
45616
30999
16690
23358
30953
27892
57310
115204
56833
64888
49546
30136
36996
40496
25062
37662
39004
33772
35223
51419
46126
28246
30596
45619
34892
47995
29632
21245
18741
29879
28046
23083
37012
23376
22038
14689
19275
19603
26134
27884
19053
16431
37847
15442
13808
20748
15895
39025
60976
64876
42566
21926
13744
37423
90849
24677
16123
23628
14996
20737
43594
37383
27632
21569
42914
37628
37962
53376
158260
64605
47134
52504
26332
23269
29189
37126
22601
24941
33871
23813
22646
19992
44536
63066
44192
39535
19315
27708
31052
42444
44410
45915
50136
40095
21706
35543
33943
22450
27775
20452
22588
13771
23823
28247
38164
38193
35630
24452
21721
22000
20646
20291
25295
25780
27403
37835
33143
35945
37118
48038
27687
47942
23138
24557
28941
30017
21140
22656
33577
34914
47201
79802
58329
43694
53035
37964
46177
32323
29396
17759
20453
20689
20100
18607
19943
24658
40543
21972
32674
26449
24020
16854
22424
19407
33789
29908
10643
5574
6929
5968
6150
3582
5211
10755
8253
19483
9646
7111
9684
9477
8687
6814
12069
7658
9746
5705
