8415
8415
14082
10248
6149
7255
7536
15793
12058
12625
12591
11117
6501
5096
4732
4680
10679
7732
8338
5761
9313
10824
15082
20090
18303
15938
15378
8903
7582
6560
6515
6355
7942
6741
11054
12037
12883
9063
10392
20430
17889
9168
7487
12219
9614
12213
11236
11952
19250
9299
8199
5959
7733
8885
13821
11484
15670
20840
12565
14920
13819
2815
4326
7549
5014
7737
13887
10957
6638
10383
8779
8162
6493
4771
5040
7268
6077
6555
10241
14459
11494
11167
17662
14988
49417
24741
24312
26715
29017
17862
14975
15197
13832
9726
9574
17468
10075
13536
18718
10300
15194
8967
11435
14397
14522
9326
12870
9764
9363
9738
14676
11836
11157
7736
6718
8677
14320
10376
12240
5717
6382
9000
15618
8730
5731
5215
13526
9573
9840
10235
13322
8706
7884
9899
11081
10044
8610
14921
8829
10129
11702
23898
29989
20988
30407
29624
22235
22598
20771
23218
21623
39433
40715
33052
20202
14186
11646
21848
13004
18478
21893
21301
21337
17874
20575
16335
19763
15112
11698
30593
22183
23094
17787
14701
21190
16537
16034
25142
17777
9105
8317
19236
14594
11654
10700
8821
15394
12457
20192
15193
12676
5784
8066
10087
12988
12800
8105
21004
18182
14446
20999
9614
8605
20446
20595
25876
13590
10620
7657
15506
14680
31351
19218
17016
16172
10262
11308
8552
10544
9405
5783
14647
10599
6051
9936
28481
25462
24190
22744
21690
13820
13747
16003
17480
63393
40126
24391
26143
34233
20690
18093
17019
16106
20846
18805
15484
48178
24016
46317
19558
23362
36077
291030
57072
55853
45289
