37881
28166
23512
20012
26352
21448
20971
31087
24752
20685
50850
116624
35424
36035
33560
43643
27787
29781
26490
25483
21141
23388
20263
38179
28466
46192
35826
29178
27407
21316
46120
14833
25390
32213
22563
22167
25041
46789
34865
30689
25488
20987
22964
31986
29442
18009
27895
23012
14014
11607
4714
15667
8039
18191
9634
46236
48687
24811
33848
24599
30100
20386
34669
11709
20619
18183
21683
49646
38003
33978
21739
24548
38237
27140
23252
23251
25181
42529
47769
28764
45553
53012
38774
41519
19539
28800
37029
28900
18346
26523
33282
42534
49756
19697
17841
18112
14635
17961
14906
40134
27856
23490
15581
17276
18515
29083
20862
34318
14876
10744
12198
18051
20871
20572
18124
19412
22200
11654
17859
46757
32384
16857
17115
19134
30639
23347
31267
18867
26860
20011
17210
29725
23394
27631
58522
38123
35730
28527
44225
28374
359786
156152
89160
55441
147943
86569
80658
66074
179621
79987
124838
85528
53373
97838
153752
62760
37480
46811
38165
29941
61845
50496
43822
55217
33115
26311
31288
41741
60314
32339
39451
44119
31866
30393
23598
57561
18080
45236
34760
59679
25303
70148
58059
43722
37557
66646
77042
72281
38056
60314
32132
74450
54270
69859
45549
51373
76270
98298
97660
88637
186941
220803
303905
76403
62512
49211
91137
68435
90382
115726
111754
48766
30515
21570
12086
11608
14434
10072
7889
6745
12430
18694
15792
17755
12283
21670
8776
11252
13676
11251
13268
9338
15687
10533
9436
18112
14257
15047
14161
15025
22132
24970
11835
10702
10180
12843
11100
10327
7168
10431
9807
7466
18715
18510
13258
15282
