12851
10554
16139
15942
33535
12147
8716
10179
8856
7604
19545
8609
11895
12167
10082
13366
15513
17247
12771
7582
13156
16553
10986
12611
12603
15829
11309
12184
7651
8655
8542
10284
8430
13176
22260
11770
8929
8073
4132
4053
5982
4859
6756
12679
13369
13890
12016
15192
14464
8259
9057
5826
10873
9231
10609
17144
15639
19400
10932
15450
18257
19305
17183
19089
17414
18272
18394
11719
18062
11986
15603
15547
9806
10507
10830
15043
11347
10285
10943
16430
15602
15544
15388
20221
11745
21005
11614
17411
12784
14771
11184
17383
13043
14472
10007
21673
9593
15142
13750
10530
11186
8545
12252
10592
19411
6397
9476
10625
10321
5280
13002
9503
10554
16416
19164
12266
11858
13974
12154
9107
11280
14750
16137
13580
52698
23303
16477
13829
107167
34593
21103
16580
28208
46923
24880
16142
28715
21545
27870
25530
16822
20663
27304
16742
14393
16936
16956
16582
15673
16794
20372
20657
12156
13122
19935
16180
8773
7999
12949
10801
8362
8253
8068
25851
8761
16804
15339
11644
6399
17363
16060
24077
10999
14212
12665
7335
9318
14720
10148
11115
10420
9678
8648
9159
9211
29733
14192
20080
9110
7724
9389
13273
12871
9606
10491
17187
12465
9065
11502
18343
15053
11988
206463
250755
204158
180503
168819
171512
198620
266106
194848
131981
102758
146674
125312
415186
261419
254540
473510
208162
225783
123939
136016
216128
195943
126887
136205
187603
244343
275186
183355
160782
223984
147409
217578
102010
128370
178384
154282
137030
220185
155411
275548
297986
336298
198631
337215
225702
197969
200815
133466
214505
216465
146222
148454
145202
