93425
243263
216480
180058
187735
195706
65370
61342
213316
199362
197386
217945
192253
198794
109214
107580
105525
111681
162633
201548
157580
108920
158820
154431
103413
87597
54594
68452
69480
56459
40424
154291
127017
131405
347591
199632
152553
113552
266864
265132
254489
172674
254450
665945
393723
329356
358013
242499
325385
309639
198958
201038
283327
320577
222032
297611
186077
178590
174988
200123
156936
149638
104726
161488
183099
203970
171038
247939
143351
125085
166607
144301
148017
132422
139451
133194
197452
206519
133930
115831
124940
133756
113974
171675
104457
95074
114064
226193
210760
73401
68960
140980
73168
76524
180821
164929
131813
133952
93242
111339
150207
107488
282878
141675
149895
380654
340413
178151
177420
159407
159474
120800
156949
120129
166725
160497
269558
262729
212896
146400
128742
122759
155933
162173
178578
157534
175675
233122
179997
268043
142425
121288
143941
121414
111288
176379
113972
162366
126277
139498
90331
159750
128006
142968
112194
121706
85406
101901
118599
124549
158454
123278
244646
166118
131517
83940
108820
114314
99834
102640
78151
100204
109961
94051
272889
204128
215197
239498
272944
153409
141607
180471
97136
122575
94070
161723
133314
64056
97589
139243
128556
149770
120221
92280
70473
111276
82618
123175
133749
17067
14030
10422
9746
16241
14005
17645
25446
20469
12560
9754
16519
22229
39029
54103
51724
48823
61738
42994
28137
19051
32489
26907
18070
19278
18850
14688
28637
18084
17946
13734
15329
12812
9282
12230
9000
21113
17680
30255
17998
22565
29912
27689
19066
16756
16302
26390
10570
10260
10768
11702
10132
8228
16170
16562
11525
11892
10283
11192
15356
14840
5416
11512
10078
14266
8456
10859
