8787
16544
19624
15643
13194
10188
17814
7376
8439
15406
10994
14476
9356
2630
7401
10653
8615
8599
22697
14206
14984
9648
12933
19713
16434
19274
12282
32591
25601
33383
25750
29214
25955
15479
18625
23344
14824
11546
9293
9377
15200
16197
15227
20726
14901
77027
47655
29073
31199
26988
20850
12393
21030
18709
29362
18724
16937
31163
20620
17684
27735
16452
22361
24306
28558
17697
12923
19732
18663
31967
37573
16740
16123
17465
22066
15911
15063
8832
14623
12716
20841
16594
23071
22210
13004
16979
13718
21206
13813
32814
22383
14364
25922
27568
34235
18980
21168
13777
10582
10031
11101
12560
17093
23803
21206
22432
11013
10553
10396
18571
20422
21531
17557
22209
23468
10309
21157
20016
17544
15696
13199
9377
13857
20399
17871
16084
17710
12206
10824
9263
11472
8294
9005
16137
13298
11020
18553
19178
23102
25092
29998
24100
32493
24893
17949
17029
15507
15308
27117
22827
26632
23452
27925
15520
18654
25296
29740
14764
11062
22621
12012
10776
14944
12451
13036
17022
15912
9609
21766
26378
11305
17193
16370
14458
20010
17433
29153
20859
22808
21711
27550
25633
23514
25742
32893
22325
18489
25722
27725
20910
18418
18646
31191
29184
17602
20126
24112
22938
31106
26431
25157
22247
31773
34316
40812
48409
65421
77239
55817
25634
29713
28085
33215
52300
34174
29112
25447
24743
21427
18185
24141
22305
33344
44669
31171
39994
124019
50863
43499
50562
64541
30325
40862
36281
31356
30732
41550
36941
18556
32779
36587
39211
43001
50397
45950
50284
42933
57181
49338
37719
98549
53843
33081
30416
29325
24800
