28756
10721
23517
18900
19843
17049
35535
29812
39516
52556
39946
33485
29509
32364
34067
31473
20564
33808
42701
34466
20157
19261
25245
23866
25227
16582
32478
27427
58872
57097
44160
39712
27874
28896
21127
26451
26008
26006
32741
31460
35419
18421
27609
105999
44477
30506
36762
23317
27763
20693
19878
19144
19635
17473
19738
13627
18029
14725
25904
22044
15049
39033
23450
14291
22801
22168
16067
25812
29466
34057
29971
30298
27356
25156
19960
23855
29050
37618
24719
22940
21665
18083
23700
17090
36985
27757
39140
30228
28329
31156
33928
37773
79128
43838
73008
64656
47197
35479
53337
44175
46730
48808
45278
27420
35326
34305
38918
25364
33217
28801
33958
34988
30288
36051
28268
18755
15005
14439
17075
16208
17694
15312
14491
13199
14096
19835
47775
21037
42673
24481
26846
16949
25276
25400
24647
15136
16404
27066
23596
22595
19400
14466
22045
17823
26086
18819
24660
57882
30048
22958
16434
23059
13999
20489
12863
11764
11363
16596
23129
20263
10479
12833
17809
22160
22043
13092
15198
12942
9731
16987
10108
9716
15882
14085
12059
11017
15798
13563
8725
9740
8968
6574
6836
7689
10297
7296
8804
10271
9840
8150
7508
9024
8458
11744
7550
6896
6531
7978
8359
9483
7474
8383
4927
4694
6459
5462
5668
6165
6624
7045
7681
10597
6579
8186
7460
10062
10962
9902
7153
8283
7048
7460
7129
4252
4418
4569
3405
3466
9193
9171
7521
9385
7501
5947
10744
9666
7136
7407
5582
5575
5150
5321
9072
6955
6395
3940
1168
5760
4210
4536
4117
7205
7876
11578
12201
23310
