10339
8874
6256
4872
4704
5042
4925
8619
9937
6659
11424
9466
6862
27733
17256
10936
7252
9872
10987
8926
9452
4936
3572
6536
5918
4067
4654
4373
3818
3986
7285
13338
9108
9047
14648
6117
9851
6877
8004
10575
9141
7340
8250
8108
8183
6000
6972
6647
5848
10728
12638
14982
7966
6621
9154
7065
6810
6143
6512
5070
6662
4103
6022
5580
3745
5457
6765
4868
5412
5381
6293
9342
8146
6913
4927
5040
6607
5388
15172
22262
25288
22162
15402
11053
8293
6066
13419
20335
13861
16674
23222
14977
8524
17103
15296
8479
9029
17876
24676
8443
11656
24056
20719
21677
12978
9798
10593
13403
11934
12045
8358
13771
8744
11129
12641
16744
6748
14917
16169
17010
11952
11351
9962
7458
5602
7541
10017
9377
6442
9763
8415
5389
8732
9768
7136
8733
15907
5289
14899
7388
12268
7057
7465
4615
6087
7666
7848
10250
4672
5351
7594
6773
7484
5261
5902
9849
6530
9062
7196
8318
5258
10763
8692
7775
8453
4228
4022
3910
5565
2412
6936
6010
5955
7058
6005
4075
6213
5641
3556
3779
2938
4487
4052
4762
10039
3865
3130
3386
902
3077
3619
2246
2026
8946
5319
7428
8610
12343
10774
6910
4120
6535
15231
6751
9244
10514
9633
5410
4133
5933
7321
6762
6797
6692
4144
7592
17783
14304
9893
7917
8712
11000
15093
7645
6585
7969
7554
7319
7257
7578
8092
8784
8334
11493
8012
5472
4316
4567
4406
4226
5467
2873
4770
2966
2900
7517
5628
3508
6374
4731
5109
3962
7704
6008
4922
6477
