6764
8235
9745
4157
5097
6890
3655
11067
14817
12001
3328
6226
5792
5711
4948
22920
13862
10722
9394
8834
43336
22484
35415
30227
14991
7363
7594
4265
15426
17848
11770
9086
14689
13007
10158
9580
7787
6154
6553
6126
6914
5875
5849
5639
10093
5712
5578
3487
6687
7057
6103
5813
10464
9671
6184
8537
8817
10319
5204
8036
7941
9581
6362
8877
10312
9181
5248
5701
8006
5555
6641
9265
3652
4657
7415
11067
9191
6737
6169
7842
17111
9806
10103
6151
6756
3387
3301
4544
8649
6098
3554
3194
3156
6011
3695
4262
7025
4748
7771
6379
5103
5671
5430
8836
6130
7840
7810
7651
4008
5010
5330
5399
20206
14651
20754
13672
12703
13122
9541
4982
5265
5940
10657
7114
9398
6020
7729
3934
8239
6313
6584
6573
7295
9281
9913
9964
8780
10590
12352
34364
21090
15655
16819
8172
9515
7678
8442
9364
8945
9748
14492
11959
9307
9656
7992
7157
5926
5594
3464
9505
12019
8762
8255
14286
7510
9173
6005
7554
9520
5575
8337
9453
8172
12000
8235
11691
11347
2730
8043
6495
6493
9469
12969
9050
11088
11662
8048
9817
11635
5466
14315
12007
5213
7321
12078
11934
10064
7341
10504
10486
37111
13198
12407
6770
14135
18474
14235
12569
7449
9947
9685
7119
9235
6622
10915
4601
9277
8928
8884
6156
8025
6221
5174
6160
8525
6113
4216
8296
6567
8421
12704
9233
7711
14922
17530
12188
10232
10534
6720
9239
6701
7696
9038
11724
7138
5013
6849
8770
9695
7789
21068
12228
26910
15971
10898
8311
