10266
10976
11290
21602
29441
19349
19900
12191
11574
22126
14256
23181
20627
23160
10718
11895
9500
9083
14353
11435
15264
19975
21605
12321
18261
20462
15815
11796
10991
8581
9353
10895
10022
14239
8234
8349
11070
10792
17220
10415
13112
12525
7316
18105
17283
11574
14356
12826
16150
13620
19998
22911
16564
11281
10800
8623
12972
16582
13034
18130
22073
14602
13129
16369
13512
19774
12429
12888
22897
21727
22189
17281
12500
10872
8004
15764
12340
8633
16410
11351
8052
10886
8811
9770
8393
26649
14209
19971
30759
24840
18739
15746
24142
22401
22260
17376
31959
43514
33260
30892
26806
39294
31793
34917
17690
27008
37049
25563
35320
23417
17028
35172
34089
36749
31650
26506
37840
38006
29797
19803
28244
36371
37993
25132
29054
33769
36499
38994
29692
45756
81712
37679
22773
25859
19813
16525
40793
28540
19852
21995
23045
22158
17703
18568
27790
26022
18891
9925
27978
23971
18532
27424
25998
16661
19927
20909
34976
35144
28630
19244
23033
21224
28106
15247
17159
44128
8980
14489
11014
10830
12689
26021
27968
33733
24421
22685
61435
56262
58581
80807
60418
35453
39637
46660
35574
54330
63149
43735
33144
58165
27773
26133
37641
46248
63299
23032
74021
46552
43522
32539
29155
28627
29489
41885
33952
37125
58370
30189
33324
35102
30182
30473
23265
23411
18933
29968
19840
29914
25129
15217
17264
23671
28802
33017
21749
22602
27392
26936
27099
27895
43560
37887
25033
23829
21087
28071
34095
34732
26076
32082
43006
27330
26629
19876
39940
36043
43892
29920
30466
36637
35889
19141
47417
42327
38956
46145
