84682
54347
33414
30508
22950
17947
26572
23310
20204
20055
32589
41222
20559
46498
55772
37520
24063
27792
24275
15024
21039
20292
45442
24558
24541
19563
18683
20302
20266
20262
22540
16631
19805
29519
12791
35004
12488
18055
17423
23640
29385
62933
19531
12725
14656
12060
28635
18139
35601
28699
19906
27255
27356
27199
20799
17388
27734
22074
30271
27375
26110
24763
19474
20477
18166
16923
11126
13085
17225
25505
39151
27054
30061
43538
36154
22206
35817
26161
30222
23211
20479
22337
25631
15725
12767
19073
22236
26411
16972
22590
26673
34444
21352
37439
26403
8108
22498
21316
24762
23015
18771
16224
23593
18913
19533
22218
18860
15609
19707
23281
26013
16616
13879
12752
3473
14120
9392
7382
9749
19731
34948
28487
34214
36765
20620
17542
16972
18496
31936
42643
27199
35804
61569
51244
37779
34978
40096
36596
30159
54013
28457
31857
35900
28431
26803
32381
43178
42653
40338
31538
27339
30821
20786
25576
37755
38528
28976
21717
24221
19113
82661
22462
20393
20242
40613
33575
20340
17548
17948
19878
22487
30900
25772
25387
17204
24391
15750
16850
23095
25560
31652
74483
46871
182456
226559
79993
42336
31472
32673
35854
58316
32968
45346
70202
45052
40565
43362
56139
44044
44204
50674
50417
51433
54563
70073
89487
62203
36582
35942
41110
38385
51092
149817
68721
49236
47831
34455
48690
64650
26767
27384
32961
36834
30944
38108
54185
43432
71492
48206
46350
41220
52609
30362
41384
38619
30422
34674
32661
32722
43389
42731
52195
38851
45965
23356
37426
39244
33222
17888
29978
39338
28837
18416
27184
28734
38879
