8498
8703
9949
7954
16360
25210
21959
20399
15831
15761
20886
18055
82965
37721
35745
39321
28727
49273
28037
40677
21918
24367
29278
17975
21756
13148
15792
19660
19320
25188
26744
22758
18750
25461
26028
42057
56734
57903
57247
37077
52223
27183
17578
29000
17834
13940
13520
14970
26209
31468
30968
21043
20103
9488
12204
15013
22229
24468
15194
17719
20810
38250
21489
21536
16703
16392
10956
11015
26823
16337
14772
19649
10573
24779
28874
17654
16152
11987
22005
14931
14195
11414
19276
31460
97998
34594
18979
23909
28517
45440
34433
22531
15602
17267
10857
20889
47926
33593
45014
43910
32814
20462
26871
22923
20391
16532
21423
18636
19116
26400
21962
36548
20261
21392
23193
17616
38153
34511
32291
23886
17791
13970
15449
22645
18699
22444
19393
20785
20827
25066
25538
21768
12657
12045
14181
22088
17637
14433
12870
20054
12827
13369
15499
10784
12562
14026
28412
51745
18193
16592
25102
9607
7269
8076
18182
13086
7050
6615
10007
12534
11607
9661
9931
11411
7126
8364
5801
10458
15195
16150
12265
6910
14493
9293
17848
14201
26978
29917
16347
14228
12531
14094
13750
9532
10927
9052
9656
11903
10418
7164
8554
12309
13222
12671
5406
8183
7982
20843
17515
12230
14351
6201
11194
6128
11021
8988
21201
30383
10262
8525
12490
9490
6925
9091
11969
20207
14240
11920
10983
9583
8831
10831
7940
3565
8338
14076
16018
18885
16673
12928
23315
16088
17741
12891
12836
13179
19570
9225
20732
6269
11014
16040
1922
5650
5953
4101
4619
9541
11032
13620
12904
16401
