14351
6201
11194
6128
11021
8988
21201
30383
10262
8525
12490
9490
6925
9091
11969
20207
14240
11920
10983
9583
8831
10831
7940
3565
8338
14076
16018
18885
16673
12928
23315
16088
17741
12891
12836
13179
19570
9225
20732
6269
11014
16040
1922
5650
5953
4101
4619
9541
11032
13620
12904
16401
14546
12111
7575
5504
22995
12887
18805
18448
13009
10769
9379
9709
10370
16764
11856
9149
16071
16516
18870
13628
13461
9976
13743
15163
16255
35835
36682
19093
16472
22327
27444
20420
16125
11043
10897
42141
17309
10676
16415
9199
9035
9312
9059
12387
19029
15484
8386
14565
8691
9620
8070
16080
12577
9498
27574
19820
19066
9625
10450
13627
11233
10645
6212
8406
6808
8397
14238
19188
16471
11036
8717
7949
8910
15934
18227
61956
42629
26640
19481
20296
26691
25319
29206
27951
24648
16251
26607
18859
23996
20264
30364
34260
25359
35482
20360
22755
27757
71373
48322
35494
25446
26167
39742
32453
26709
31172
26663
18574
22115
18300
17014
25240
33853
19902
32503
19522
19998
21130
29900
23545
25021
34099
28909
18852
14370
10728
11721
14760
10464
11756
11452
14815
9835
12755
13357
27934
23382
16679
22594
14656
12246
10940
14600
7620
11625
9062
9973
12520
7281
12038
10764
13891
9086
9269
39595
26873
34559
31878
36427
29554
41221
45106
52066
40966
35936
43098
34062
26536
24225
58679
47777
35902
44861
26320
24420
25674
19949
28416
27361
34383
55615
33299
23117
32613
61392
29608
25170
17908
22078
50287
34212
17851
18586
31591
20932
14784
14307
18025
33767
58053
43025
24673
29415
33953
