32875
45774
22122
35949
24328
16377
57219
41447
41751
42507
43373
17648
41410
67155
66981
84282
118712
98090
55804
103891
26027
23144
30062
37548
50691
39828
60217
23733
34706
24140
8112
30264
35671
20801
24141
40323
32728
40755
43838
35645
25588
25323
17304
19252
54463
22676
26877
40810
33404
31765
28045
26748
41397
28891
21577
21513
25322
31820
39488
29549
34743
40154
33373
26618
29970
33149
56182
48269
39661
52528
62069
50145
46380
66048
96489
89102
77758
82860
82892
72778
52495
47127
25682
49329
73520
92718
32418
50480
42947
43788
43896
42196
27970
39744
24816
30680
34361
37794
42474
32422
28503
22708
19058
143133
63741
31491
35485
47507
63148
45761
72691
37194
41861
44099
40825
44954
44485
57635
48360
37458
84006
59226
43058
52814
36443
29682
39198
46550
43852
40203
66171
52519
34776
73283
49323
42126
36227
67562
72276
59353
67725
82704
79928
54949
57210
39488
53144
32068
43691
64228
48974
27527
77695
52362
46409
35645
61597
124811
123623
304202
491689
530319
336093
328283
318969
234356
350197
220130
218978
293815
207791
220980
152011
143038
144750
147199
246423
129896
119627
123393
121847
83176
163678
145472
176188
185917
220331
172362
137890
174804
91732
127314
126323
116092
3702
3340
3683
2069
2213
2917
5158
4957
3403
2686
2586
2089
2516
2254
2387
2892
2524
2516
4279
2504
3081
2702
2785
2502
2643
2638
3082
2258
3234
3849
2780
4483
2849
3222
1968
3713
2678
3697
4342
2454
3443
5373
4811
3035
3230
3481
4353
4842
4313
7274
3705
4472
5246
3789
3551
4120
2844
4934
3616
4182
2346
1722
