1611
3542
3860
2922
2777
3555
2608
4840
6027
3135
3087
3114
4280
3564
2252
5921
4266
3330
2870
1266
3693
2362
2057
2307
2793
9015
4344
2625
2145
2918
2803
2738
1420
4407
2250
4513
4192
4473
2811
3033
4864
3649
4207
3594
3224
2865
3189
3801
3260
4969
4195
2407
3227
3393
2641
2758
4719
2745
4027
4772
4523
3958
3806
3020
3332
3517
4796
3756
2520
3712
3006
4706
4504
2417
2187
1731
6000
2987
2365
6199
3645
3493
4368
5536
6048
4847
6238
6278
6444
4767
5255
5602
4962
3368
2306
4631
3189
3332
2721
3734
2864
3237
4272
4033
4763
5934
6899
7696
7054
14032
11323
7591
8199
5826
6131
4627
6679
7572
5437
6400
7693
4780
6246
5545
4499
4502
6744
4862
3498
6468
4879
4537
3772
3945
2719
4774
4215
3514
3756
4217
2768
3401
3587
3329
6274
3839
3903
4954
5829
3097
3441
4255
3525
3792
3955
5636
3618
3848
5211
3658
4254
3183
4688
3747
3371
4648
4181
6225
4136
5532
3358
4258
3995
3575
3227
3889
4455
2657
2949
3423
3339
4035
3286
75132
65026
60336
141631
79821
112464
91818
87921
71070
69923
57938
89815
96823
102198
95469
90468
141317
122445
53629
70672
101250
92130
85184
43636
57696
266138
235982
138891
122775
106139
165911
65438
73607
48904
119159
180999
81940
70216
75957
124172
101246
81417
74097
56435
103497
95494
152538
80113
53636
58843
55264
46486
71831
64764
51858
47613
46623
37494
43022
56596
37222
27077
19210
109242
66807
69627
53167
69043
86784
180270
97350
148605
79161
