93756
64457
87184
76069
55544
86451
56625
108637
23133
37212
32033
38629
21593
84904
91946
57131
60486
53499
63076
84332
43085
42540
73461
52365
55061
57141
58761
54054
55859
58013
68334
101551
226283
83530
66050
108926
84973
72360
76831
49941
40428
54595
44696
42212
44087
41790
37286
35911
31657
48959
62473
43014
33268
37700
32574
50969
26830
30298
25871
20281
34954
35023
48410
41899
61385
81022
38887
30814
32863
33481
26462
29556
27969
33025
26426
28073
41813
63429
43814
34032
40277
36158
48134
61579
173981
83915
60700
55227
35992
36698
61713
63447
52864
54103
54484
60592
52086
40582
93252
116845
105287
81192
48062
43387
45444
50606
45868
54429
71465
84911
47797
54996
55608
32093
37606
55649
58042
34379
64696
122480
84025
67832
31113
40636
46658
27629
36355
33365
27161
34934
40362
44566
48077
39172
31194
49658
46066
78656
36036
39922
51740
33753
30608
40393
34483
54531
46613
128600
67691
56232
49683
60612
56332
54627
40648
28940
63195
39478
42775
27861
37666
33977
32064
21682
28788
65489
44572
42588
29251
38361
65974
34491
42043
17813
19038
22353
24808
22941
20779
19186
18388
20275
26804
30661
22236
20660
20281
15364
21091
32268
21451
19365
24620
19514
20451
32697
23101
20969
33013
41368
29353
30031
26586
25133
25456
13978
10776
14878
17115
18766
24837
20839
25891
17126
18528
16985
24505
27139
37228
21145
16777
17022
18686
16372
12024
12571
20881
10401
14812
16676
18601
11712
13148
15845
10646
28469
18502
18931
13996
17174
11078
19593
18602
10704
15083
25695
21585
20950
12420
23280
11067
13287
11434
4468
7156
9191
