8276
12151
11984
15353
11496
12622
15822
15083
16771
17977
23325
18293
14986
21934
19844
18682
17810
26183
38394
18389
22683
36147
35996
19023
29953
43876
20170
20084
27040
29779
24333
27450
22843
26927
24748
17538
17476
12204
16514
15041
23848
22029
33445
30615
23499
17664
13629
19035
20176
15874
16203
13805
22500
24301
24379
13401
18187
14761
21680
16446
31685
21989
21310
12854
12991
31024
19580
12215
10939
10615
18579
23950
24394
24270
19273
17046
20412
20481
18034
16296
27502
21262
15229
15633
13652
18302
16026
32564
40814
34884
22771
14186
13198
18239
16460
15567
19790
29138
24871
20565
21361
21649
15608
19914
17450
20286
22195
29689
50173
43644
19940
24727
17823
17288
19509
15518
17706
33341
21876
18258
27754
28646
30156
28615
44890
32612
29835
22810
25396
32375
17904
12992
18691
19460
28138
21304
23167
20133
32300
24858
19227
20542
14867
18218
24055
18530
28058
21500
15613
15844
16169
24032
11926
20835
23175
20833
18950
15510
27232
24190
23680
906182
855979
771192
666414
638170
738841
670975
1034744
704071
544575
772312
1540554
1198800
1012190
1392840
2091985
2689680
2550665
1230240
1092990
959104
1344096
1232292
1037357
737865
807781
1207635
1134940
1330917
739009
956979
609114
773694
704068
586272
706429
925694
923288
1823347
992456
1010874
966835
1251213
880866
962708
874651
1072727
705440
1650533
1029088
736000
712973
656096
654318
982478
520384
475687
697712
639159
739054
807053
481709
609175
701684
980342
653246
745557
884109
644173
788521
586965
557820
564486
438574
792412
725444
682736
792024
531453
481672
423407
185801
457447
483941
449500
445315
670798
645505
554648
1854722
1151125
766753
646227
653423
573808
