741235
606973
644955
991511
1626776
751603
780268
768505
791626
811615
569404
1157695
707781
1100986
1435031
704869
975802
683770
668967
765030
694447
605538
473334
652061
449879
633710
566505
633644
605643
627982
525925
838270
471386
651919
536769
836855
678508
649076
1128753
1179629
2285710
1604997
885153
1147966
649489
1075800
1242561
976683
843804
839210
531686
592164
454780
558843
541064
604641
605928
546126
717004
925850
819589
1031218
1723844
781561
576664
584220
730445
577839
657128
1096300
850080
700663
1121330
601576
941236
1069995
1821227
1654658
1381712
835037
679148
643249
837156
787550
794998
1349522
1544372
1464806
741096
1222328
832794
701182
703896
731280
628558
518423
1144200
732160
893765
668535
786158
708516
757343
790883
866549
570410
593287
712214
649826
975740
963156
1342295
604582
1149184
815753
1070776
785445
771621
917113
884270
460941
383908
578607
457251
793289
1254149
490729
672847
650218
643063
1127352
809004
699420
524790
699210
602680
674119
550928
461239
465968
589554
399187
532363
771639
582432
416507
564295
609082
823367
654085
55044
22258
55851
33921
34484
33033
63526
50025
29089
21131
27150
35551
31818
40223
24587
24094
36222
42458
41821
28075
21108
32310
28379
18043
22098
17974
23488
27951
16399
23631
24666
17616
24263
14905
25905
19946
20790
48107
36435
26839
28354
98277
44041
25474
19963
34091
22738
17659
13907
16706
18817
12776
279821
91449
49203
48089
42443
29743
33198
33799
32830
12519
37670
40070
18276
40139
27390
27972
24633
28792
19405
13985
26036
26844
32523
28954
42309
35379
19847
23310
5720
20388
17508
10543
12195
35085
33310
29714
74065
91079
35354
37404
26952
34362
30989
25612
28688
32086
42300
19664
17173
24397
29043
27242
15543
24800
