40587
35916
42207
21322
22674
17747
20914
25267
25512
51549
24088
30655
26720
24332
21662
24814
38053
19792
31638
14002
11536
20507
14235
14820
18473
16674
15266
13981
12042
12527
11553
46062
18620
20550
145304
185538
80133
35058
45584
31520
21308
16872
23849
34618
38981
26248
20587
24205
35550
24388
46932
22304
21540
70298
38015
26592
14671
23697
34856
22174
16390
16332
25565
28243
89077
62965
43278
29342
22915
21385
33951
26891
28883
22590
29972
46875
56619
147363
45862
37588
44583
33245
34690
29500
27878
31406
25677
23016
21237
26069
20873
29169
19121
42128
37970
42002
28509
36992
46423
30202
50685
33786
46720
79069
43970
28064
29455
34249
22217
31167
31665
30091
35118
32217
25223
56017
39465
208475
175886
74863
68952
159001
73212
61186
79377
41319
48363
81584
40606
87109
24869
21658
31833
30652
38530
79959
59656
57964
50098
55884
59446
64344
75196
64172
48457
47226
77610
97156
74052
54707
64467
55804
88169
90619
52835
68045
54502
57123
65001
59415
53765
65779
80784
102875
72512
69454
49317
53747
46783
50192
61437
64036
97869
57996
75007
87047
237917
153513
147800
91574
72042
78539
136787
86529
97125
77827
61378
51969
68222
37343
64425
54384
49362
48481
43598
26378
22516
72722
93168
57477
73985
48125
39989
55143
46823
75524
38910
51448
146978
233005
109508
156654
78698
58809
53068
20140
43570
43386
50817
54994
84045
103940
163751
104464
88092
86995
69842
89230
84423
95336
104533
79805
121511
110474
103331
104030
283720
139669
125504
92508
102983
138159
117337
144683
77275
94959
113738
114770
95325
131374
178470
129384
116890
139437
100406
94732
