119041
94986
93613
77791
88246
99499
80710
73086
72709
63555
91362
84991
62314
53769
77821
55751
192848
73494
86722
72511
201270
118723
73242
79668
70513
55942
63369
57361
59605
75207
70458
64058
120435
84136
87940
94045
70251
138880
732221
402496
209625
150058
175264
139059
167576
203471
125681
209144
251178
195163
190290
191297
154502
136606
95967
277114
138964
106064
173883
247184
193466
124779
140447
219002
164661
132557
94711
130838
112025
169509
132260
252966
161779
132185
116624
92735
109717
107882
95162
135952
78400
103331
74451
92266
132264
64901
90853
99729
119581
97638
106239
117133
125514
95103
94805
90070
109130
107255
312652
167306
130284
301344
147015
125792
170026
461310
149977
117914
109650
131930
78592
117140
149129
113029
87361
100089
117210
96769
80309
101944
138418
128718
25547
15760
15805
21007
16901
15072
18966
23905
30382
19847
17588
23962
38090
20923
12652
24682
35238
23925
30847
19299
35296
75440
37130
25206
34926
29455
37959
28682
23785
17197
29926
17985
19418
15532
19977
15457
14819
23720
33566
20405
22765
22572
16764
15379
17037
17414
25207
25116
16109
16312
19191
16034
19441
11978
17608
15911
13205
17019
23039
16556
22202
12581
8440
16760
18347
16508
15239
16598
13829
18617
18367
15125
21143
19908
19865
27390
44290
38415
21063
37085
14208
6390
20822
15416
11877
13761
25781
37208
23433
33533
22230
12260
18431
20139
11354
19361
25547
20434
26110
38064
19670
25120
27304
30836
25734
27849
38466
30091
41322
29477
19704
18817
17570
20654
26357
23231
17083
21500
14989
13233
11485
12897
20472
18356
21104
22963
16050
33729
18115
18749
16829
20108
13961
17678
