18790
20274
16844
21679
27694
30831
24533
45033
42049
29154
25878
30410
27561
26324
26800
27356
28743
28827
24385
24080
36906
27107
24820
27645
25620
23345
20613
19357
26276
21182
22023
37219
29646
32885
22787
41561
35702
46275
50620
28583
25703
32622
29376
30570
33336
28613
38029
30007
35116
24387
34076
26234
25635
20871
32195
39478
39440
33362
35078
49885
106928
73740
62506
52978
77825
41069
60036
58423
62595
51654
40709
55028
88357
50907
64164
141025
80494
50311
70461
62784
72428
60476
57844
40890
34497
55675
61651
41587
56812
47407
59738
46664
43922
50437
36356
106735
84504
65994
45891
38364
100750
76829
45307
50185
53403
91143
71049
60168
47234
41583
37501
138382
82482
100024
82382
84528
93011
211048
160762
163097
135636
149527
145528
157053
136748
110223
123089
248067
159684
202649
110505
102050
99097
185818
135746
106718
159972
177897
178072
168673
186104
265922
123101
111980
71596
79904
131267
157884
175297
171941
140227
106570
123825
161058
213960
142835
171363
226397
121209
89768
99464
79874
163767
186460
143388
152836
110540
139750
115170
94845
114383
85064
91733
55872
112629
150186
194514
184729
242314
216871
132933
162265
154003
151935
125300
119359
199916
138601
165573
101543
120979
100837
28627
72430
54704
70240
83013
165393
180609
134496
98621
114352
256170
161628
159614
140601
164491
189263
161255
168693
164708
176934
268406
176453
222380
205191
163750
183251
129325
165393
323225
114492
181048
129158
149920
155916
134181
125602
100728
131768
218062
235277
166706
314120
203200
86882
129789
122008
132685
140191
137523
131549
108070
124981
111088
129130
220576
204686
162707
241054
172779
141048
124899
164080
144256
132614
