137820
136267
158861
83852
104036
122896
168628
127409
98903
97652
106126
98467
119867
134535
119421
115027
128968
112676
119636
192545
209459
213466
203944
129450
150903
196748
340285
242515
185528
129501
128486
136471
180092
196916
178489
220298
279256
185690
158793
176277
203263
177679
226821
226861
161908
207409
142670
144716
288145
330664
185040
262072
168560
204973
218653
151008
139621
123825
166727
119062
163617
316176
133396
202765
196294
195237
122927
140336
110971
118661
139825
107156
109833
108281
151847
215424
95233
237151
164206
257903
213773
164724
158860
175911
227528
148383
220278
134349
130362
116546
194930
107056
184166
151167
176616
229209
232403
232246
253587
204469
74033
73746
68326
50907
52075
52854
76149
44345
43680
29839
30666
37475
36142
31453
68326
35337
44744
36971
90328
43951
24311
46074
33571
26642
26257
29137
42604
45089
32289
31787
25484
40081
73159
38612
25537
43470
49937
59437
38126
24478
125465
74922
55340
48332
62268
70053
49630
30118
23599
31547
43228
62234
44351
76144
44317
34309
40918
70222
60483
47166
39257
30920
17533
80625
60279
207185
80348
70730
72894
61559
63880
52917
108897
45197
39905
34360
40067
44458
23485
31434
37476
7613
31555
24087
15839
21419
66756
53173
53681
411902
119706
70212
71223
44476
67725
61287
41025
40742
44273
33843
35065
62516
65689
42988
45271
57285
42982
32542
50465
32819
41570
110248
56203
42360
49136
37801
30588
22957
29866
26345
35906
38475
164278
69841
46896
33865
46553
48980
44074
36010
51727
38309
177072
48480
41964
35062
73053
188078
78626
81339
74271
56311
43787
28856
34669
28400
43790
40004
32368
26400
43942
44908
35341
44456
46989
51751
