72180
110268
119124
68599
70750
100279
65098
52784
61277
36433
33503
41874
33013
48946
43292
66343
70535
48605
63396
51759
36028
94684
51026
42574
64526
146377
60177
48421
81422
52272
48950
39441
42398
35386
33904
42461
44513
62854
38343
35331
50674
42954
215800
100312
66218
60773
48633
48032
36552
60145
63582
53325
68598
80435
97884
57172
42401
40810
42490
25799
37860
31757
39449
33688
43566
38715
28469
41313
32828
31296
19008
33814
27549
35080
23705
45649
24450
35013
22413
27294
34337
35574
44671
36798
24022
21459
15944
119353
40088
169034
176856
175789
121111
301580
298570
286237
352167
232555
155679
113897
252226
373984
248544
166012
364376
770224
399603
327710
198534
194189
226472
279694
275571
244993
187241
305163
391260
366067
199781
226473
124526
120399
96627
97937
201086
247877
175283
257543
197813
167382
189424
200318
187185
309322
268853
422567
231576
143355
151889
129986
172804
156838
127785
158114
102166
99906
138262
123427
103832
103410
64157
103061
361059
118155
137023
132740
114895
84716
105171
118126
82164
132821
152051
93879
97867
69211
130074
82302
93814
56334
17107
60831
43482
58615
61666
92761
135977
197589
97709
88271
96021
106809
82704
148111
140285
145722
176558
242573
156188
131257
174944
175063
279280
308463
150733
142732
126424
166229
137813
95821
121232
80386
78855
120459
67712
63821
148618
91260
98505
146166
123295
91391
91703
82518
75915
108796
77698
70804
56254
68880
79503
42117
68383
80785
77651
85453
57889
167812
98522
91966
197272
127399
128822
72470
61682
228791
85019
100817
90689
80671
94770
46066
62427
62459
101549
75870
125022
83695
62158
75725
87216
77242
85384
155585
135343
105540
