184068
90081
139473
119387
200545
221818
181401
138561
79194
81339
98576
119867
114540
106175
156963
118044
117614
133733
138097
104056
111931
125417
88585
66950
119342
101229
137653
105016
94189
66592
73954
79069
119426
119196
91523
73876
81237
84519
116133
157123
100231
163841
104586
143094
62860
101291
103788
74471
84027
77449
80954
51371
71452
87526
73108
99902
99864
88790
68199
74860
72642
62248
136354
372169
158335
101763
168259
144633
136873
54098
85306
96906
126207
85609
69250
69573
73366
66282
35643
24593
23430
19884
20000
17718
19579
25950
18065
16463
14998
21954
25353
19028
19776
23986
25873
44834
32842
21175
30418
27046
25286
20520
18431
20993
31417
28162
26008
21264
27329
48776
43065
27398
33243
30422
32650
61003
88457
32201
40444
36731
23370
23931
29737
32180
25686
18480
18267
26514
22314
23218
16680
21991
19207
15501
21683
20062
25485
16086
14614
13845
17252
23212
16652
14293
25140
16365
15255
17812
16695
17233
19135
22803
28097
26407
35325
25719
18842
20753
8586
16980
14277
14663
12202
19579
30078
39806
64180
47247
72168
48532
64990
42415
54376
43171
32534
63076
68076
44210
43567
39654
32310
41411
22530
40963
29998
33827
31570
26954
28286
26757
24110
22803
36470
20306
23392
25553
21447
28747
23269
33093
20493
22383
43574
30901
31840
39133
23865
31775
56590
42352
27562
46565
34328
33224
17771
47941
40054
55012
65693
39316
26964
31051
19875
30308
21026
19020
20600
25810
19517
20568
23535
39122
34038
67617
122394
38957
29793
23927
32836
20898
43736
38447
34091
30588
24402
18603
60785
45821
50000
50937
41279
33243
38521
33281
41239
27965
