28302
34463
49179
96935
43423
30219
34840
28100
28947
26669
25407
36518
39239
36370
26850
27327
25859
17843
20409
42615
22919
19778
28787
29893
22199
20296
18937
22452
17625
35021
36036
35138
19362
25614
31319
26704
43327
33344
39762
31185
48587
78247
45494
40568
32853
21484
22671
19966
24519
25024
26754
21444
18674
38141
24264
33216
18732
20755
22260
22050
19400
13066
18906
39255
39233
7408
8467
10075
8029
7501
6025
9994
18783
12264
7833
5455
7249
12940
6080
5639
12205
6730
11922
14000
16694
15240
13308
8145
8185
7980
8369
20345
12974
11447
9527
5461
7142
5515
4491
4039
5306
5923
9987
17151
9187
13688
8168
7600
5895
6505
12359
9436
5475
5097
8908
7284
5646
7232
8324
6492
5335
5226
4864
5647
5024
6439
7311
2962
12402
9226
6092
15877
8586
11376
9076
6299
5862
6575
5613
7452
6711
6788
14391
8043
7220
4724
2360
4715
4763
6273
4847
8368
9427
6565
7532
7896
5144
6642
9493
7002
10821
10185
9886
9045
9046
8735
5880
7641
8827
10334
6822
10036
8144
8139
7069
7021
6145
5017
5472
8068
22639
10684
7506
7716
5233
9214
6568
8807
5078
5428
7727
6029
7539
6128
5332
4246
5281
6012
4727
6072
5872
5236
5571
11109
14369
7843
6442
6670
6229
5290
6653
6821
6547
5023
6046
6951
5539
6175
6473
9833
17984
19898
25594
11037
8953
7383
13992
7224
6819
10021
12108
11088
11569
8363
9032
11536
20432
22012
15090
14231
8443
6379
11693
8882
8575
10891
14079
33006
9645
17042
12396
7079
9931
9116
7218
13421
