14176
10575
11418
9474
8635
7727
5948
8121
7487
5916
7423
5194
5969
6570
5838
9345
6448
10806
9440
15078
7668
9350
10811
11470
7084
7335
11267
8757
11639
27461
14735
8852
11974
17390
13317
11708
8759
8145
10493
8093
8295
10373
10695
8027
7517
7525
7472
12358
11876
9528
6422
9074
6945
9621
173012
86390
114317
97602
72371
89883
74745
132545
122960
233401
107512
86793
65497
68618
64367
85559
88654
123219
95976
72408
82663
111944
70868
88729
50197
123611
107425
90759
85452
108246
215924
106322
144027
45310
55309
76618
83308
64962
75189
56916
58269
127351
114185
82368
99362
87951
103970
186739
66809
104055
106969
84943
91453
77471
90199
86888
68097
97479
122737
60641
95479
85604
38603
100585
95899
64680
116019
126683
55670
63924
105521
81022
46855
63853
65221
44970
79141
127516
94394
88811
54845
31435
44765
44529
43143
28930
91857
182972
151550
248465
109040
87648
145311
101626
101802
81165
80296
71478
134616
104560
77803
59730
86565
84121
89476
78207
99461
127028
295658
162521
95543
83275
92668
84398
84839
74469
66041
61157
52485
64286
77609
61564
123717
197425
95672
83511
102099
106669
68179
41488
67308
73083
90974
51750
68220
72095
69179
59614
72379
44201
83739
57509
53405
61856
43717
56578
68896
60552
45404
60924
78365
167152
69178
86576
68944
69629
49742
60728
64843
49602
65843
86753
48194
57631
97812
79001
57685
98911
87304
126204
140441
200757
202890
87079
67236
68497
71165
66244
67003
86418
83197
103045
162260
81695
110793
187588
98540
78939
82740
95546
108127
153502
127090
134968
139273
105543
106614
77118
66862
72552
86640
96083
