63336
73978
85338
105354
90777
74398
125740
122600
113679
87453
125155
149790
314306
120686
117952
113548
114004
100088
104893
64405
95492
90938
121384
95709
99802
93661
98116
111272
97122
83583
104810
115291
123086
83196
56262
70197
113723
83424
55833
45757
56277
111387
137883
13126
7718
12499
11425
19073
8383
7522
13741
9040
8037
7448
8113
14026
6966
9428
14492
15260
24505
16403
10604
16738
10488
9522
25609
11024
25012
17411
12811
8890
9844
19917
16187
26665
16412
9876
8879
14675
13887
13627
13923
21947
21700
48774
21433
16047
22422
21679
10700
12911
13796
15626
11630
11202
7603
15094
8106
9584
12128
9080
12440
8393
7606
3882
11980
10443
9971
15733
16522
6979
10189
7849
6752
18926
18493
12838
15893
14110
18057
10862
10566
6741
1704
4612
10802
6211
4315
15382
8103
9969
8890
9917
6170
14132
13525
7833
8448
7697
13598
17288
8535
7381
14430
16958
23307
22390
14132
18616
8295
20384
15878
12874
15606
9338
10413
7687
20793
13030
9561
12444
7983
14157
14100
15141
16516
18971
21222
15122
19760
24818
13382
16253
18022
21373
11227
8850
17622
18962
33027
37041
15193
14071
11509
14198
16942
12252
13155
13972
14024
11170
11795
12936
6711
16386
34290
14965
11246
11574
19418
10484
17938
20413
55456
18657
12409
15734
15310
12061
10216
13630
12915
15301
17509
20334
16002
9813
11409
18693
15481
13358
17933
19474
30565
19952
12248
19994
12554
15559
9675
26560
10082
11568
13349
25812
21588
14582
14992
10594
18286
12106
8403
7600
7349
9444
12862
13283
9380
23394
11458
22066
19096
12633
9160
15398
