16007
8626
5964
11312
12722
9976
11715
13455
11153
12245
14790
11656
14476
11714
11578
17105
21588
15321
17501
15365
13459
8871
6238
10379
13916
15103
10012
10632
10475
19835
8932
7520
104195
91570
91259
83274
78905
70326
91083
124494
107529
88394
62238
101993
134916
110964
80310
84005
87060
96774
83985
63686
74747
100788
109886
122996
78955
75411
105188
110490
92325
94416
139251
105870
119780
65312
61906
119685
158066
178385
127547
74819
73884
117657
106699
92220
94295
105074
135898
90174
62774
103359
72483
81905
73919
76378
87500
76847
59594
88940
88253
79325
61486
69847
68831
107020
134952
75001
80227
104112
66561
116961
109826
119325
64294
66565
75423
86407
89524
86930
93977
41918
40538
18580
35860
52180
59989
64038
91389
116678
73820
87273
72707
77144
103626
112712
105267
109006
77052
88938
517382
301755
178769
159894
199018
161631
185072
129807
173014
167898
188949
187591
102605
140217
105582
111660
102940
115010
100717
109987
86933
73768
156981
83672
105222
78130
65267
119958
100079
154424
122290
93503
129644
131090
90752
102197
139620
116912
101428
68900
108965
73203
108107
84030
95350
118154
117871
81860
82457
64820
61375
77455
138881
106687
84652
60422
64677
125595
78419
1020449
542991
421965
303856
248329
149159
309406
345167
212260
184642
731878
282826
303133
183551
229846
212684
231068
154978
154569
115257
109825
163379
180255
180871
162792
255533
165243
214908
170804
129101
106913
94623
76736
74574
149221
122385
145869
89558
219309
92417
109580
106541
70807
81064
101591
86943
90088
82324
99989
143415
99109
103398
91482
116486
65683
78216
93025
98969
69222
47373
89838
60692
216218
296045
108758
205778
113454
