133124
73100
60932
71532
48462
156831
88052
65329
56541
122894
56825
80830
42102
58673
77373
49573
42254
37640
43930
52920
52771
62953
66892
47703
42978
48858
66245
42489
61695
38369
31911
29677
35331
53497
47059
103276
61062
49597
74379
36044
27016
43024
39708
55989
36856
20221
46345
58922
46875
77587
43996
33911
27451
69641
27547
31019
27418
51226
40326
39852
35207
20316
29768
42880
34648
37946
55378
436207
54522
43519
51989
46022
40179
50942
106267
51933
36798
28765
39231
39920
32679
34977
21294
12937
23396
31411
31631
33638
80718
35134
22055
29440
35257
16900
18037
19688
28305
31201
32744
21385
17758
25929
8718
14106
24091
21858
29335
39055
68829
31118
29504
34489
33913
28873
50633
28133
37558
33305
28048
73012
39200
24303
37957
74130
42975
39551
26996
25958
23962
35608
45874
27015
29632
24094
35484
25619
30638
44304
76403
92080
51980
59421
58178
72627
65970
44018
47813
28540
36528
52408
20814
24719
36350
30182
32142
21439
31991
39234
35771
59153
58832
58566
27295
33262
44408
38754
39266
45644
31233
30510
29263
41027
51710
50186
39002
107486
84561
66601
53942
45711
43943
60844
40882
72373
53380
76092
114440
80940
91448
42314
52916
84743
104939
105270
49193
32871
39057
65802
68339
57021
87348
89814
96911
76527
36937
69747
56075
39016
36847
38661
28726
29829
57780
34716
51979
40203
28053
28508
37528
26208
27537
24521
21653
33269
31222
24511
22058
55521
43201
66645
59929
63961
28504
42159
33172
35798
28785
21834
39982
27446
25502
42937
25001
30365
65518
40626
47001
45397
86139
83670
135908
111600
93825
66586
39135
31711
