53477
28516
31559
32091
57647
68113
43019
40799
39295
38469
5729
5183
5731
5101
5878
4304
6455
10841
9847
6613
6552
10507
8283
8477
3979
7360
5963
7332
7809
5957
5178
5359
4964
5797
4976
6838
7345
9267
8190
6749
5818
5397
5955
10622
19577
12122
28027
12931
7405
5915
7867
9718
11500
7641
7659
8721
5325
8146
4286
5917
4072
6681
6569
6258
7009
11636
32694
14583
9190
6404
7289
5415
4268
8431
10293
7701
7504
11241
5333
4708
3621
3526
4063
3858
4204
4437
2817
7396
2778
3068
3526
771
2698
3173
3580
5268
5351
5944
4867
6500
7056
5609
5598
3299
4137
7714
7679
6185
8274
10602
19015
21641
12095
10040
8922
7950
8950
6966
9311
7296
6811
7800
4845
9494
6622
5401
6402
6136
8168
3927
6855
5443
10592
11408
8356
6120
7266
4949
6219
5636
4498
6108
5614
8966
5908
4373
4481
4908
7780
4664
4206
5379
5130
3037
2292
5837
5822
4131
5997
3486
9089
6896
6105
4407
10095
28828
23092
15142
11217
10477
8162
8927
7538
5046
7157
6795
5274
9215
8754
10536
9271
11329
13516
9375
6832
11039
6634
6870
9049
7455
11471
11601
11670
5050
6180
7589
6616
7560
6225
7093
6629
6868
7420
7838
7708
6102
6262
6283
3707
2708
3753
7303
6510
6348
4898
4640
5141
2938
7190
6521
12267
4920
7405
5296
7878
6048
6605
8470
8789
25106
11529
6673
9458
8259
6849
4828
4592
7476
8087
10880
8776
8357
4965
6380
7442
9984
5548
9997
12458
7947
6239
3663
5201
6573
5642
238374
