4592
7476
8087
10880
8776
8357
4965
6380
7442
9984
5548
9997
12458
7947
6239
3663
5201
6573
5642
238374
151462
152467
129740
123442
145885
160876
147116
100219
102952
108775
117469
141377
154633
114056
164856
236706
159294
166099
95075
90518
110533
116792
112492
78201
90645
119581
169332
125385
98325
134913
167020
182929
109184
139014
137176
122333
305477
311755
207968
178764
184802
115873
169383
147815
164222
220462
128545
159656
117598
101953
108609
159174
122454
143128
87904
103807
127241
154943
113442
98575
184083
88341
144287
139419
117806
144283
133015
90651
180935
175548
149279
116694
97616
119779
115662
200575
168377
114239
82875
72363
33859
54015
93242
74711
76795
115715
189901
157207
90001
230147
159442
157395
138856
120079
119671
120180
174637
208255
215796
298149
189314
194106
168865
181972
138216
164140
110901
179608
220972
163367
201753
121506
144934
149812
150283
113939
114881
121300
149938
144768
181734
130933
127228
116994
125195
107934
76060
87373
106849
149508
206938
136873
156416
101543
112035
169651
121829
187903
118532
101790
99849
141779
124830
122552
117926
105087
131896
165718
97540
128614
111128
82992
67707
90460
119576
104577
167038
211782
184227
155468
117748
188526
115090
171403
129469
735826
607121
429081
241479
250376
318575
308825
388651
289810
208773
202631
194168
184580
182112
205689
341475
228400
159589
257427
176857
284245
370821
725738
597769
316228
279568
211028
266689
308700
235531
143464
143591
162643
282514
129753
140327
184034
186211
140749
120483
286881
129878
258490
218759
274666
222933
200819
248934
210625
144922
168095
163985
111787
176126
206447
391914
249455
155476
158762
123234
85032
128308
110708
123418
133378
130657
146262
