10155
11945
18165
10412
8483
22501
26574
11628
10369
10556
7932
11448
10109
27241
12629
15451
15027
8026
11171
8257
10413
6199
11828
10079
12115
11055
8744
10282
5592
6974
5528
5112
6010
10137
15764
11892
6980
5806
6208
5800
5679
8715
11357
6014
4649
4753
6596
5954
7765
5579
4147
10844
7089
5994
6331
8886
8202
8397
7270
3857
3792
4017
4388
6451
5675
13015
4175
6591
6233
2333
14283
6821
3268
3518
6075
8225
6686
6173
3325
3076
3829
3238
8671
4907
3096
5397
5820
7165
3867
4331
5190
7065
9890
5578
10935
6814
6596
13310
13924
58045
19907
20319
12431
10781
10418
11999
6282
4354
8633
7509
7590
4735
5452
6116
4140
11305
7110
4859
13314
7184
8208
6580
7042
6909
9376
11087
10730
14115
15711
13981
12384
6292
8487
13509
6992
6861
7542
9357
7304
8358
5790
3633
6634
10042
4220
5972
5206
7036
6959
10818
4398
6433
8504
7397
85097
40985
17833
13544
15849
22857
20747
16271
15029
12806
9385
12350
23279
15528
28639
26195
35761
10132
21970
18159
11140
11457
12488
10466
12383
17331
21173
21630
21039
11491
9088
9200
8179
9509
9778
9765
17228
8920
10179
10972
15290
13361
8379
11155
5635
6306
4522
9323
4882
8650
6382
7383
5285
6349
11309
7218
9770
8053
15263
10300
9862
10016
7650
9147
6117
13487
10076
14352
17723
53443
28572
18271
16107
17709
12563
11197
10560
10623
7875
22315
29050
21046
21950
26294
26706
34029
42445
24838
32911
22852
24716
22996
15906
23285
24048
28549
24610
26850
13957
21288
27070
28489
