18966
20239
17895
25265
27249
20965
17997
19624
15912
15110
15419
26467
11529
16759
15119
47475
60668
23037
26225
21867
17639
18897
20687
28001
17698
19637
46512
20107
22551
20659
23438
29988
17602
22827
20975
20705
25051
17436
12670
7696
26065
20767
20643
12965
15124
19350
14350
22481
16092
12395
17390
20003
13418
11894
18007
14123
12868
7601
3452
6757
7708
7462
8910
16527
16470
13074
31402
26995
10824
31054
12772
12689
20171
9984
14990
22523
16150
11009
10454
10423
9715
24469
24006
26349
16315
20433
27827
114486
42570
33082
24325
43217
38581
14857
18214
15651
16279
12840
14610
20580
15706
16685
23943
16650
15144
13638
13984
11475
16229
8979
9422
18391
17669
14043
11106
14362
14084
11775
13444
18096
16763
22252
11406
13723
15914
12822
15574
10898
8700
13237
10073
9657
11906
13014
26323
44621
19393
21524
11135
13783
15313
19839
18965
15699
21563
19967
30528
26509
41136
42685
28039
39529
28651
21315
21286
28110
38048
22652
35608
52550
25058
32816
39242
24804
19035
14530
16979
23796
27165
17876
34117
16738
32360
23868
17271
14453
25033
21297
19784
24005
26570
25911
90338
46635
12922
23771
23601
36746
23895
25226
20001
14615
12152
12488
14842
27998
28973
35416
48684
33673
43707
15279
13058
24377
12521
12014
15973
24103
16382
12462
10547
11623
15850
13055
16734
10466
13732
15797
8140
18442
10183
12324
264829
275755
134976
121373
164971
173169
144007
204755
351296
181622
169392
181956
196319
297875
174752
389165
530493
355826
1099827
446862
294201
196582
255108
235171
242099
421603
895259
376647
261643
240211
333366
228207
187691
152214
