152470
187743
183864
237201
157233
190154
160121
178929
277931
193942
211549
328668
295435
259126
278514
224447
154124
112467
155975
267997
247660
304974
225087
186795
193126
151198
105727
81503
277619
227461
202246
269564
241474
217301
210768
197677
101345
91424
140360
205170
166000
144331
198722
89125
46172
94010
21838
70445
64602
63956
104173
104660
212363
187624
661305
298695
283074
252391
268724
242993
176781
152031
208936
639698
612275
347058
454398
340089
404988
275690
186527
351423
413030
358322
251054
178333
174369
140307
161340
137128
148973
126927
119415
111511
165363
137175
123642
100312
91870
70215
119737
101541
56879
147646
127898
210126
399354
546030
268924
223322
182072
327583
329486
372375
222134
249271
200887
251862
232905
144006
116531
166236
112724
172592
370875
352829
298799
211082
244307
517254
315186
244677
450664
336501
377348
1180638
546439
550555
403197
355092
291383
188291
285862
130537
226223
426288
504050
381801
335603
326821
376763
299129
330749
228752
330164
294189
454526
386192
211772
162518
151832
131658
141287
130996
127411
179324
170083
202612
187925
180859
158975
135794
114391
123813
96334
149878
128839
107692
139182
99196
207688
236709
128609
161906
208380
95516
110288
134040
156838
158752
219516
158703
199335
232012
209076
213051
179917
216596
119130
148978
122961
215436
113409
87078
89171
108010
139144
162246
201741
149645
96332
126446
117832
137624
111362
66771
62582
130930
115596
86377
83479
122807
136486
113428
94830
53027
66799
75210
73602
83393
93532
143804
109244
186787
62013
80069
79101
70192
83272
85453
102953
73445
90680
88943
72177
50160
38815
67232
62970
51682
77285
60949
54513
60943
77824
76030
135408
103030
52804
68208
92829
75888
68807
41424
77540
87682
