71156
41392
54447
27425
54174
41593
31478
63174
67641
45844
35746
80519
73653
68393
45413
71038
35935
41416
41318
31426
35567
35050
71232
39988
48386
108685
79157
43123
30193
12253
21068
27346
21971
22648
49989
49324
40711
98192
68713
43658
58458
79247
75238
58956
60042
80610
142055
76944
59087
52737
66003
60905
59475
45225
60176
79432
91814
106656
71201
68844
49169
55910
68735
74977
52865
59353
71306
52644
59414
50033
42467
66305
61845
51894
47586
49260
41864
31524
50108
42669
41622
47446
53774
39388
69379
48783
88313
40069
82193
77914
67668
67498
50932
36765
36084
37230
46309
57973
64499
51351
37392
62002
48223
58624
58983
76891
64767
48272
90260
114047
132185
77078
100121
72271
58298
88131
73359
87655
86412
141147
143440
77304
82185
90174
65555
58245
89052
115913
79482
120295
127978
68480
86104
83152
63614
61083
47806
65949
63334
57856
68953
68232
71281
55393
63859
65393
51158
57294
55381
53379
76917
89468
60006
74882
129328
49011
88964
125895
76800
38671
120598
57457
47260
40427
37767
48578
55781
67249
68445
39651
59473
112460
60758
58784
38605
58225
60737
73557
57961
52469
53897
35372
36889
34003
28712
54484
60939
45864
35946
28372
31187
34858
53773
28460
18968
18082
17011
12274
15740
15051
115006
40877
31550
19896
19835
19114
17550
15637
16274
19107
15717
21399
17172
18540
21121
17742
17495
18214
17933
38627
30297
25735
21800
14705
13492
17384
15885
12875
12607
19784
12922
17739
19286
18720
16310
18909
26256
21845
23018
27190
29208
20601
21703
16453
14133
14912
13194
18957
17541
13794
15170
13813
12591
13312
8524
8734
