27437
17505
16736
15392
18846
14731
10449
10596
10491
17279
17303
13616
11463
12363
17114
13015
9848
12155
4654
8332
6599
6089
15171
14265
11732
10616
15287
10896
12495
12609
13688
9383
15317
13504
13243
16075
19346
16792
11817
14425
18267
19553
15987
22143
16223
31316
27041
16603
18041
11587
11191
14910
15269
10392
14937
21479
13195
16227
16049
26025
18550
13691
11188
9133
9168
16682
10007
12944
19844
11472
12202
10234
28712
16470
13286
16277
10622
9377
13466
12446
12689
9172
8031
10199
11299
8665
14818
12220
13199
17741
15557
10824
11382
17892
25900
26875
13812
10988
10623
13342
12614
20879
18550
15004
13154
11890
18765
22254
37129
25221
24577
15200
13835
14250
18790
20841
19976
19391
36615
29186
24341
33456
27930
17590
15718
17683
20777
11535
20171
17634
19051
22940
15814
13564
20073
24526
20594
15857
29882
13705
19362
16314
18557
26531
15070
33411
18976
20131
16601
19054
21134
16031
15708
13710
16321
18146
15368
29352
19501
17297
22392
23518
20209
16714
15056
13615
11381
16208
14117
12474
14734
16981
12649
11938
13302
15735
15810
12472
10686
14212
20091
10246
39569
40083
33172
28628
36386
34411
52104
77158
49951
37612
31410
29544
27676
31217
36669
41742
45913
36391
53497
47129
42094
41614
43011
26264
33500
28865
33118
52959
40794
33569
22046
18962
38280
30341
25645
35441
56354
33162
39759
34605
31993
33252
43154
28834
32360
30096
44074
43811
33643
47805
33775
35136
33067
23753
44405
39338
26751
40003
38642
38214
35038
19431
17535
54271
37376
43701
57303
50486
35835
30544
28893
23231
27086
29375
