29736
27868
31182
45574
26370
24739
19527
8529
33998
20573
20014
26725
38967
38074
26991
35811
27866
23429
28631
42155
27087
35087
40754
31334
42374
45496
28301
42120
46076
39125
50661
28720
38621
26914
74734
70060
41227
44865
42461
36195
47460
42915
32018
32781
31817
34692
42331
32650
43480
51238
31984
48892
25308
25053
34173
25387
26676
29853
36288
33281
41387
40134
50191
36557
51593
42030
51200
52439
43774
37793
30973
34405
34123
34601
31960
32469
34654
37283
29218
24115
34089
36079
34954
70322
41807
34709
38376
31341
22509
38536
44534
31616
29205
36218
30438
42861
29244
75243
68384
60583
39241
34705
29423
40970
30875
48189
37115
60128
55902
32948
48362
41054
44426
26092
32067
37196
29146
52933
31604
46247
28486
31506
19465
36588
35376
27672
22627
102511
43466
59986
47602
59689
63929
32168
100923
66040
51535
42651
49961
53554
38188
29735
27408
31275
30554
26304
39555
30108
30319
37721
39208
34592
30897
31658
39978
32922
29856
34262
29494
32398
42065
31746
22580
32062
63841
26421
24277
21163
29147
35550
20776
186679
162378
218487
156083
134467
128418
130923
157387
106918
97331
81502
106795
94464
146679
83494
100500
178156
133194
157692
89156
143298
140922
120394
118595
68628
137653
165657
162607
138492
101518
143547
134556
161282
111178
110188
138967
175133
133501
120719
83019
129045
234904
148915
163307
178527
160173
225002
154119
150676
133321
148518
187169
187124
141850
187924
310483
178413
113026
176025
182261
117057
114526
75177
167183
204886
172984
155037
168454
126648
151215
124824
118649
163286
114891
170123
137343
114727
173160
100090
117912
97901
37900
72997
69916
57031
