74375
131213
155949
88332
120581
156097
236736
230759
156392
132081
230140
141700
132563
189008
166969
110985
132763
128224
194388
224549
171720
196410
194372
198135
202293
260053
180586
144816
146141
150276
133171
215245
165662
185762
161062
357715
229460
150492
138794
141826
151894
139012
137786
187689
110561
151276
105325
153209
149537
120490
136994
147308
177656
224306
117394
115113
118222
129565
123462
89293
86665
103431
94324
113813
93996
110700
138249
130646
122612
303224
247206
179756
285154
175717
148485
195973
216581
213368
220590
205887
193780
162663
158010
126444
255310
243740
311905
286289
216836
266258
191315
202343
226212
334993
490922
272021
295426
360078
242633
305173
253933
163792
175501
172736
142622
156515
200617
208547
161543
157942
153429
136946
202802
197489
163215
239348
197860
165996
229022
247963
288377
435923
154520
228226
209411
271195
154044
183001
217961
159757
135079
142594
220585
136391
135358
218708
170615
232793
171612
261445
189784
161494
148513
139178
155058
148531
178821
117246
109966
91027
113734
83594
138663
116741
98936
93159
121523
225378
141492
124303
66072
38788
34608
42166
41005
22116
31456
42168
34807
21216
49822
42280
45962
48175
31855
39728
70853
43822
42375
22457
37138
40113
43807
41448
28172
37087
47252
41165
43312
61298
74638
56426
62173
47112
48580
34938
39044
44415
38564
23192
29864
48324
40505
44426
49124
57908
100525
24089
32272
23525
21465
26664
43015
32807
34546
37789
42150
34152
58242
43684
37705
25768
27006
30206
40922
28606
30941
54791
38650
50413
64474
38685
28467
31336
26290
29432
24987
40957
31280
22012
28276
17779
28109
34135
21991
13847
37292
31957
35460
49942
21643
30383
53386
42548
17255
38328
