20067
23697
55394
60955
38098
44140
77599
36548
52222
36359
34546
24471
51638
67419
33017
49675
47402
27572
39182
32414
32947
32061
24531
21357
27507
22110
28732
25871
23880
35569
28882
28077
34035
21264
34537
28983
23589
16288
30227
30799
29018
28303
40255
24960
25754
26166
23974
32409
34344
35119
28947
35039
34797
33330
36586
41610
30728
21366
30572
37357
33843
38320
28143
37903
25602
28646
33187
26183
35675
50402
33699
45694
31115
36793
69015
91462
62632
71489
51020
45881
57719
50019
44107
52997
53256
64819
61051
45290
53791
39621
38196
39765
44887
41368
30764
34135
36944
60249
42091
45750
31102
42357
26128
25101
35100
40599
35935
43279
39921
45276
31817
31795
40950
40656
59582
28734
43409
37202
28171
29319
22882
24398
27078
33146
33205
20365
34333
54328
58479
48392
50613
64134
70811
63623
44739
44256
34770
29621
21468
25653
21885
27998
29224
21523
19757
31029
28995
38156
27531
151653
195059
195216
328554
235819
188910
113170
282348
193284
97096
75890
92803
249327
161559
115556
113832
232856
156164
126521
86960
108517
98359
122754
72893
186824
132518
167240
176047
197779
93485
220928
94656
110813
68781
84871
190126
139975
90246
96554
96393
79473
98751
115468
74527
112297
97515
114956
138058
83068
82150
53997
71321
68233
79237
71539
61490
79346
60769
56143
63430
53342
40877
62865
97090
82248
90373
118728
79950
66487
51770
41172
50389
56077
57701
50780
56920
81977
79563
64993
81932
40879
18453
32413
40315
31092
29899
69441
124284
106909
70374
51309
51889
236213
77522
92539
77298
53249
46231
125265
105011
70993
66912
72164
66140
66920
43745
73382
