64205
80886
98415
108690
205329
178871
71923
57496
54861
62579
50246
46753
49647
74301
52442
45044
46364
45070
141419
67191
88819
74308
53410
69496
83310
52850
59573
72406
71405
244584
586624
191444
149750
92173
103724
141619
107668
75740
77767
217396
90837
51248
62854
98419
60220
77902
101018
83983
148690
97892
106767
83099
126440
74114
77536
71763
116979
118851
76772
95885
86072
70271
83149
95351
192492
184085
117145
58086
47828
47963
70488
70616
105572
90983
113557
130410
90757
117268
156230
76386
69057
66153
74500
67281
98001
114383
89896
81435
65701
69087
112223
71888
54878
47210
57459
55899
61728
52570
61761
79739
37709
73092
103784
96981
51266
82092
109224
57898
63805
57754
59480
73461
76445
64277
49916
48489
58611
67181
64410
58010
57440
38543
68091
67460
77172
50270
63772
135938
65772
53662
56801
107230
62026
48542
52969
53949
57114
70206
25661
25548
26764
19939
20357
30587
21876
29595
30337
23127
20563
54731
29950
26371
18055
25031
29234
37764
36134
18996
20866
30865
23681
24673
15607
16847
26369
30148
33102
24403
21740
15676
17271
10694
21583
18091
19980
17409
18518
21304
31332
20295
15790
15723
14552
14890
17673
17272
15201
30354
21780
17377
19295
13454
23734
18843
18980
22302
23633
41281
32669
24595
23396
21667
28851
25583
19748
19872
17925
22759
16087
21345
14255
17386
20220
16717
19737
35327
14036
12816
8888
4021
9218
8166
9622
8548
14525
14744
13149
14015
13854
18500
13700
18415
16390
34425
18121
19854
22889
19587
31344
33797
53444
48740
36165
21118
30514
20948
26025
29414
19582
25361
14266
16253
23955
17241
23911
26469
