20117
17149
17874
22229
29570
25866
20505
21398
20364
21475
18548
15616
14209
17179
14725
18631
17453
25499
17117
17009
26567
28911
35440
39317
30305
53023
35305
28143
28896
26625
15993
17900
35940
23057
13574
28688
19906
31857
24672
47209
28518
28454
28627
22529
18526
19410
33021
25529
37625
32718
20977
28713
24014
56725
50219
34834
25486
30496
17818
27627
21628
21878
25538
53542
33221
23443
58070
47391
57341
25188
32612
34817
33096
30341
29786
39233
28713
22074
28085
24974
22122
21265
18440
23207
28689
21496
28340
20887
48541
25569
38941
43318
32786
15286
23390
25001
21593
18471
18034
14325
18376
19711
28288
14985
29958
25071
18927
20845
14888
23946
28869
38868
45595
35115
30683
26326
25038
27380
13458
18441
32386
21641
18002
21222
23252
28703
40856
27102
26904
29930
32482
33003
35882
48549
52916
24494
22399
25984
36901
38712
35296
42595
51118
48645
31146
29822
17525
22805
26063
35993
31347
33552
31084
65664
48953
64889
39104
37275
29766
44661
35037
46909
56639
149415
169150
93635
52861
43034
40398
34855
45269
50689
55118
46751
27508
21242
38728
28058
25229
22368
27258
43723
30105
20973
28111
31029
42426
35720
24205
13840
29109
38726
29882
34690
43126
26412
41553
26694
33989
32851
26130
18746
27338
71149
46328
34352
19830
17657
6993
24963
23292
22773
22107
29039
28053
32833
25221
35237
26643
34921
42883
25371
47479
43748
54783
53285
141781
50067
39577
38751
42481
45139
26554
34390
20322
47236
64462
25279
26339
28485
28428
39972
28077
35040
31132
28110
20006
23762
21793
20174
15457
25575
17984
21541
18705
41259
