25293
20057
32890
29053
20109
24967
184157
45598
34883
39204
28995
32344
36530
36045
21086
30309
28533
25257
32730
103950
55891
34443
36645
69949
32210
46296
35378
48275
50085
47950
142426
76662
43960
44955
26636
41016
26741
21285
29886
29953
60487
66657
76166
53422
66934
49134
24760
27997
28292
46234
47148
35227
58225
62285
36094
61071
44871
42720
36801
29880
45390
40291
58269
67408
47303
31537
104623
34469
44673
27901
31638
23073
33790
27209
45595
44815
61724
103473
47786
56117
62161
58913
36270
57558
54902
37920
47224
35411
44643
46864
39464
44645
41877
134716
63114
43286
34186
31375
22961
33372
34911
30131
19879
15791
17035
32578
37214
22459
33177
33488
29307
18263
26045
19458
24796
23255
57904
78997
50458
45378
70205
37893
44933
66665
50080
72165
60225
65457
55539
73968
76470
53333
65832
78548
63942
56829
41582
38759
51754
68116
85510
75827
111419
58123
74956
84724
62805
44999
44683
35884
42321
47703
71274
63379
55391
56948
64425
65416
100264
68353
53361
68716
59111
54613
37278
36958
37884
38057
38558
49423
64727
42489
41617
67194
57734
39897
35328
30745
24842
42495
44202
64238
53548
57675
61323
43035
54937
45656
45564
52923
61187
92714
75418
99735
47598
39330
32972
9473
22516
25352
24495
27876
73891
64791
59197
97877
68248
51165
45097
40978
34305
57292
52203
46168
74197
69240
30793
27756
59010
59062
152290
51415
70465
43630
96691
85196
62380
68708
39979
44243
57024
59720
47180
53114
58130
40687
52021
48230
56443
44622
45463
40493
55460
36992
55008
35147
55411
47972
35296
55545
49044
63996
51224
49623
96930
47724
