55390
78457
60261
44555
43197
48851
89203
67063
42043
39657
49936
42075
37693
32357
37292
45766
33416
78645
48699
46472
45154
71635
76851
57144
70770
49397
57089
54678
40671
72824
58073
98343
86689
62512
45538
40992
28182
85384
68540
74383
74966
94665
111082
64229
77301
85209
57641
45534
51040
50462
34650
55622
52687
80813
102946
72637
66401
60739
53983
52225
65143
86438
53122
47537
50346
51831
62708
30178
75772
82103
80375
51008
54939
59427
39407
49983
29724
46936
35255
52216
55168
39748
43935
48932
58093
81478
54501
63548
41376
70187
44374
45218
50478
47747
31694
32699
21055
34110
54930
34373
32363
29263
60471
60591
44786
32391
26485
28969
25772
25987
20343
27578
53408
35498
20706
23680
36674
28416
35249
22209
54164
60617
59936
56119
39169
28637
39084
43588
31347
34878
30509
32695
50900
70120
37734
51105
26722
42294
29333
23095
32502
74602
40109
40389
30528
40662
43902
58917
38453
31193
47306
65018
40378
28021
45950
37772
34311
31505
21024
22874
33777
15378
26045
29163
17419
24028
16027
12434
23769
20600
19213
37819
48851
23339
33912
19334
23992
20208
30736
48720
41081
21663
31842
19894
18131
15070
5469
17714
13335
14419
11388
25784
56735
14684
29942
24965
22138
27180
40990
43115
38326
20274
20228
36027
25930
16704
19482
30996
20209
43649
37773
29847
32779
115797
102323
33371
35299
40095
38091
26621
17997
19859
21345
23867
18108
19137
27339
18943
18943
32799
28226
16666
23503
63054
27090
31477
24250
19545
23795
19335
20468
25681
16779
27135
25965
31944
47250
58983
47920
30563
36343
26711
24525
43310
33403
37895
