43552
28941
31757
33514
30687
30309
44394
36727
22258
22293
96555
50762
41111
37651
38049
59021
25969
23818
38305
63610
55312
72983
47611
41939
43484
25373
60984
33735
38880
49449
50282
59879
24810
41235
25939
33165
28164
23368
36040
29414
43271
30899
59180
52302
28776
33979
29898
29793
35481
39497
28207
26995
23558
27540
24035
61526
29783
44692
38398
48301
30348
33464
33007
32798
22465
24933
39799
35988
44351
41826
32049
34484
40383
50315
43181
40704
29275
36633
31880
28506
27031
26319
30757
21805
27450
19305
26806
37125
26228
15427
27190
27704
32718
27720
38959
28098
19540
26951
21215
32929
22094
17256
9046
20728
17771
26103
17869
47677
28631
23553
20707
21361
28833
19244
20478
28187
18122
15480
15013
12335
18986
13351
12871
12823
16848
18573
30738
16990
15032
19881
30158
29999
25615
19190
22541
22182
40894
24655
22367
24124
21038
35106
32755
22221
17576
19608
21054
20743
26337
24838
22996
38474
20225
18429
20181
25633
42287
48105
32951
26693
50660
47081
30022
20798
28731
20186
21093
17020
24669
21327
16854
21232
19391
18734
14775
17610
21515
14390
28184
24162
25858
14371
13409
29162
15653
13521
13466
15029
9381
12331
14844
10421
15593
14522
11858
15125
15021
17089
15150
16597
13900
12644
11466
12142
6862
9733
16027
14614
14175
12699
10990
8244
11360
12625
16608
189360
151223
180935
142640
150233
195886
128622
165190
161695
112306
87865
164827
148442
128405
129167
110880
138913
121683
199192
115153
143396
159870
132564
199795
166770
196504
213943
201211
181537
145959
157065
109239
150047
143001
85117
125360
145546
119243
194895
112206
123125
