25858
14371
13409
29162
15653
13521
13466
15029
9381
12331
14844
10421
15593
14522
11858
15125
15021
17089
15150
16597
13900
12644
11466
12142
6862
9733
16027
14614
14175
12699
10990
8244
11360
12625
16608
189360
151223
180935
142640
150233
195886
128622
165190
161695
112306
87865
164827
148442
128405
129167
110880
138913
121683
199192
115153
143396
159870
132564
199795
166770
196504
213943
201211
181537
145959
157065
109239
150047
143001
85117
125360
145546
119243
194895
112206
123125
123810
91895
135517
112163
100760
118038
113869
108079
155663
106147
142343
219849
138587
206210
158170
165241
150789
143910
157755
172704
127459
99489
163605
183148
147563
157587
188959
130373
115792
175336
187607
118345
124780
185175
156350
140251
214550
158351
121903
80595
41617
111467
69672
66469
138584
126980
130934
117481
102246
102400
101433
123313
117897
161159
133552
113774
139006
184875
202566
134773
157299
180093
265807
234877
157411
174640
113596
216562
197313
176164
176219
138737
128553
157685
146878
234812
234795
166610
124376
120600
150162
128360
110182
141510
150130
114529
80805
154498
128837
102305
116885
95715
117594
102782
113059
142057
141304
209202
156911
96527
151214
168175
142262
102354
101431
128557
106839
98831
96845
120772
90070
74855
84561
81120
120325
141401
156285
107311
122521
115864
123919
97838
120982
145529
161032
195255
157321
116679
199885
140315
379371
386330
234999
173191
176842
154471
259608
169690
214393
323357
331693
278235
180751
227184
215611
179412
191373
177669
247432
168390
186938
154931
199262
190895
158935
114980
143708
158053
181158
163468
188640
126847
132488
128161
150881
240216
130959
221560
237071
213932
167399
171904
183185
132224
127495
105296
