123810
91895
135517
112163
100760
118038
113869
108079
155663
106147
142343
219849
138587
206210
158170
165241
150789
143910
157755
172704
127459
99489
163605
183148
147563
157587
188959
130373
115792
175336
187607
118345
124780
185175
156350
140251
214550
158351
121903
80595
41617
111467
69672
66469
138584
126980
130934
117481
102246
102400
101433
123313
117897
161159
133552
113774
139006
184875
202566
134773
157299
180093
265807
234877
157411
174640
113596
216562
197313
176164
176219
138737
128553
157685
146878
234812
234795
166610
124376
120600
150162
128360
110182
141510
150130
114529
80805
154498
128837
102305
116885
95715
117594
102782
113059
142057
141304
209202
156911
96527
151214
168175
142262
102354
101431
128557
106839
98831
96845
120772
90070
74855
84561
81120
120325
141401
156285
107311
122521
115864
123919
97838
120982
145529
161032
195255
157321
116679
199885
140315
379371
386330
234999
173191
176842
154471
259608
169690
214393
323357
331693
278235
180751
227184
215611
179412
191373
177669
247432
168390
186938
154931
199262
190895
158935
114980
143708
158053
181158
163468
188640
126847
132488
128161
150881
240216
130959
221560
237071
213932
167399
171904
183185
132224
127495
105296
145065
137827
119712
133665
106116
158813
177187
171534
189335
162087
164859
112078
174490
126081
128052
96542
157456
134887
292832
2007321
733340
578258
526563
294734
228832
236262
253496
388550
26362
17430
28786
24200
21086
20890
26532
24774
31013
31570
34540
42907
27597
31906
37521
39694
33142
39639
32982
34892
42284
43076
38542
51962
41370
64143
62324
65342
52145
45031
42012
46349
55337
32042
31580
31270
36631
40846
39117
34677
26966
32546
21938
25323
46677
32821
35704
24398
20641
15130
21285
17050
