19310
14286
36657
25335
23344
30738
20549
27329
22486
27719
10138
31286
21812
17286
22339
32254
19869
34348
35518
26426
37138
31338
34944
32437
24531
27159
19923
15935
19649
20637
33398
41925
30559
23315
30201
83388
66863
48600
36540
23433
17743
34718
40793
34070
20313
23908
36391
45251
28330
26444
35113
31875
25863
30800
33041
17213
26464
42641
42954
29548
26538
25918
22741
26935
15619
18535
26748
55332
36733
321189
71114
43869
38337
64843
49565
52490
52358
47670
101698
59905
49434
55600
52196
42538
44645
39989
48026
41764
53270
39470
30176
42304
39597
31184
33125
43889
21373
23131
28773
34594
25460
35149
68365
59852
46266
59730
41983
26775
43052
40435
38886
38812
75478
64847
61637
45581
41973
31192
31566
53623
66207
33451
66287
52355
33356
26686
31063
31122
40550
27302
32433
26441
34891
32364
20704
23682
18812
21939
31628
28907
26610
37841
40623
54944
26321
33894
34042
25116
23213
31631
22693
36559
33972
37366
134409
99045
48237
40517
49595
32789
29654
47835
223632
69171
62237
55631
37651
56059
54939
106640
71103
59127
57992
65235
86541
75108
51347
57561
59576
28252
22241
39462
71615
41713
28548
25611
39208
38695
24218
17223
25132
22499
41407
5094
6626
5064
5880
4671
3966
6125
9060
5553
4679
4050
4542
4303
4701
5164
6945
8090
5267
7555
3897
4371
4293
3623
8269
7986
8845
10668
7562
9314
7539
6537
5283
4807
3989
4244
4223
5012
5984
6188
8468
6479
4150
3870
5064
4909
4810
6700
4927
5162
3153
4759
4402
3576
3400
3362
2225
2813
3230
8054
5942
11839
8331
5665
