7613
10723
7525
5176
5434
12925
9404
5930
4315
3927
5209
5808
4540
4052
6107
3575
5258
4908
2727
3306
3304
2569
2314
6762
4635
6457
5567
3246
3261
3156
3213
3574
3131
4362
2922
6563
4851
4710
2911
3953
4486
4991
6247
5042
3795
4629
5246
4324
3534
4789
3189
5304
7077
7332
18844
14565
6778
7645
6869
6887
5310
3998
7246
6337
4837
6211
5820
6061
5078
3745
6165
3963
3414
4293
4456
5971
3745
3426
4271
5168
6413
5283
4964
3446
2628
3788
4382
3744
3769
2932
4509
3987
3564
3304
8340
5337
7642
8914
12541
7511
14792
10190
7787
10030
10484
7942
7500
7610
12867
9816
6413
5710
6360
4794
4727
6211
8330
15354
11826
10822
6088
8320
9716
9480
7856
7314
7489
6190
8467
6571
7909
5672
4370
4337
5533
4848
4658
5621
5035
2948
3055
7088
5688
7182
3415
7001
9582
8441
6236
6060
6134
4746
4741
4248
6079
4358
3414
5396
4573
5711
6161
4682
5723
10198
6881
4764
4025
5229
4383
3057
6021
3263
5048
3306
5392
5721
5612
4802
7944
6440
7104
7524
16076
9916
8816
7180
7955
8586
9824
10345
11544
28052
10138
12208
9958
8571
8503
9792
7187
11774
16523
15573
16106
30305
11523
10564
8633
9649
10139
24694
11771
12112
9983
11231
7676
6328
9858
7082
11259
9548
34927
25959
15681
12909
12673
12934
17012
25928
57654
15338
11058
11416
16492
8879
7989
7640
8202
6291
5895
11825
7719
5301
7237
6491
3671
10554
13215
9747
7699
7470
4851
6827
7902
5624
5654
6574
