6017
6431
5698
9051
4914
4462
8986
1672
4157
4744
4648
6282
6545
8920
7762
8142
5296
5873
9638
9008
4789
6608
12972
6553
5589
7902
6854
6548
14095
35365
16743
13588
11643
9656
11662
10169
8486
6007
5811
5961
9451
3826
5100
5437
6618
5363
4647
11373
13711
7640
13356
17641
12931
8107
7242
7160
9529
6775
5733
11820
8743
7059
7443
8286
11500
6902
8381
7228
6938
5226
7795
7177
8288
6777
6971
8845
7316
4942
3431
7823
7278
5732
7568
7374
8002
7360
11102
7218
6098
8893
13623
11189
33314
14852
11682
13642
12727
19529
14718
12065
7837
8220
12198
12634
11874
11352
11817
14465
41818
17580
26306
25044
18285
10709
14814
14742
11970
11915
13113
12548
12819
9755
8277
7600
12357
8950
10493
9200
7692
9123
10881
14222
23555
15760
23629
21996
14552
12534
13336
13048
8214
5623
5229
11657
13500
10865
10151
8908
11375
16690
13218
10473
5959
6518
6576
7751
13662
7696
12802
14803
7614
24675
10405
13962
11038
9988
8368
11154
12352
13936
14304
6236
4799
6976
6776
6596
5178
8792
10309
8663
7347
3629
9731
10958
6962
5835
8188
8305
23213
14732
6379
11855
11793
18540
12772
9320
10435
15100
6426
6113
5453
6364
5030
6440
5517
4949
6253
6118
7956
12481
6424
7322
8948
8881
13762
10182
26421
12977
10831
8824
8063
8718
8403
6287
6022
7828
4532
6040
6550
6088
5718
7380
5388
3054
9393
7581
7310
9681
7708
4512
6873
5321
5281
10465
8518
8378
11283
8478
12661
6266
9513
8487
1969
4675
6482
5214
