6482
7759
6522
11404
7436
6817
7925
6749
8225
5034
8879
14155
8046
10890
6968
8449
7852
9721
9819
8313
9763
5975
15218
20069
16813
9328
7777
12530
9470
5391
5153
7238
5472
6835
5905
9850
5973
8940
6846
7890
6841
6671
3941
7910
10611
8183
10804
6132
7552
9131
15049
12780
11145
15730
9213
10231
7412
7599
7032
7499
7806
7265
12174
10460
5289
6180
6331
7135
9043
12229
7699
5614
7709
17443
8039
8389
7903
8091
10386
16154
13784
12413
13317
9449
23606
10523
14254
17306
14060
10426
14557
9355
14121
15561
13664
9410
15619
15656
14383
13465
12816
9919
15212
16510
11024
7029
12125
8916
9433
16201
17104
14750
16838
20430
11844
9955
15595
14121
25941
17247
17203
16424
11734
18369
17288
21452
10618
15833
13917
17775
9792
13458
13849
9124
15144
11072
9267
8551
9176
8770
16444
13353
22102
51300
36875
21096
15564
18120
24202
14120
17597
6301
6563
9491
20299
17549
12537
17549
13169
14523
113760
105059
94758
120288
85169
97063
104263
165628
118736
105480
67893
127286
100047
108843
96140
132887
141583
139558
124823
92184
90985
187374
137067
108535
111471
127005
151208
183300
126639
102920
92469
78457
94112
89422
45287
121238
219195
131984
134486
87432
128041
106996
116989
89399
94357
141987
119699
165168
101264
138689
98339
102936
101001
70922
93756
110637
107417
78350
62103
67272
61048
51669
76477
151981
71900
84175
86915
137868
106677
87453
68450
88714
85704
68124
295216
266789
88185
103926
73203
63243
53244
22646
31086
31931
49907
51729
69977
60705
81024
131750
84490
82281
121879
75075
90997
89058
