110941
74387
139304
160673
90855
75616
120631
86374
128843
71162
132795
249451
154893
114511
107326
104491
77262
83767
97749
100525
98406
94654
78092
62637
63303
75827
57428
86546
59913
49886
144038
78085
86298
68459
82846
73189
76305
110923
97742
84833
146159
86026
135257
114641
61286
102857
140730
111392
91685
80782
113792
79578
75255
123622
111497
120021
73131
76312
115327
93431
103742
146252
90917
79978
110370
135895
105465
105803
132549
134613
140188
104664
116185
148821
114627
196348
195507
166954
107245
103767
129956
190181
184283
143210
154099
246784
197593
122355
182948
126645
136274
120647
146049
150828
114491
177072
145986
192393
178436
104162
85285
120153
133293
76041
81149
78991
86726
125349
130927
196266
134590
81491
174989
174546
179641
132315
119685
131791
146212
83567
66765
139651
110126
184672
164040
138206
149801
148270
156090
148668
82980
95550
116966
99979
105212
96225
67130
111485
88200
91112
82125
102137
102113
96466
62357
61408
72864
82828
75933
8299
7891
6155
7083
6357
7863
7256
13382
7400
7158
16900
54948
12832
11374
16362
44716
16076
29162
23017
9827
13757
10970
8892
11801
13475
12953
13947
33268
19081
14131
9646
9120
15411
9443
8452
9941
8147
10064
12891
16488
21466
25814
61545
28397
18940
18741
15173
32691
15684
14838
11094
10847
12569
16142
20843
24828
24052
18544
16112
22802
14895
18459
7321
22860
14612
13215
10770
15450
11590
8726
9550
10340
13260
10145
9295
9596
9501
16997
7453
10976
4760
1906
4488
5722
4555
6075
10480
38291
14923
11482
8365
12573
23696
48810
17652
19592
35437
18275
26421
16487
18760
27548
29566
19508
24097
22419
27044
