14161
24319
23255
14722
16939
12312
13415
18583
17227
13307
14420
35650
46388
11191
14676
23338
14338
15389
11856
23767
18789
15966
17241
16797
15128
13992
33674
25234
24545
19064
17894
21418
13979
12667
13434
16248
9706
10042
7638
8364
7718
8312
7982
10574
10601
12272
14283
11196
10414
11195
15975
13550
14949
18746
68095
26854
32709
21821
16123
14847
13326
12167
12180
19111
29284
31525
17335
17841
16828
11799
17696
15743
17786
14706
26965
32363
21413
13781
12453
16386
20665
31947
18773
19395
18414
17944
37547
29273
17095
21720
25546
42601
34731
31152
24972
23182
13092
10498
13463
26134
8954
12983
19594
20956
25981
29153
19239
12342
11275
14267
18250
14403
12451
13094
11516
29649
29212
39723
29427
19933
19306
17040
28872
24510
15926
12520
14590
14062
9739
14593
13436
15071
17372
12089
10807
16671
16254
20051
13999
21121
20256
22064
19832
15160
15172
19412
31980
23376
14239
34231
34718
21351
24342
26743
30041
18086
17726
20860
18656
21876
21705
27374
19175
45987
34803
35964
29074
22891
23263
20472
56969
25953
27384
39722
29346
28165
26583
20859
27972
18961
22600
19624
26262
28606
22651
24812
14855
22895
18502
16551
17016
18401
27498
15665
18451
15287
15636
21457
15193
10521
5863
15722
14518
16296
27259
30949
27228
26470
29080
38522
24249
26853
32778
37713
20391
27696
32027
24736
21397
12196
13921
14097
11271
8315
20084
18606
16867
37065
24123
20008
23920
24557
34333
26465
95725
109260
90716
38840
45852
37605
32321
33183
26709
87987
25962
22569
21657
31504
13838
31311
27331
20817
22169
14995
17014
24702
