39601
57335
24295
21859
20726
19112
22295
14307
15512
20380
16856
14221
12780
13487
14529
21958
16322
11879
20800
48506
36786
39309
13298
21091
17404
16123
19255
19945
18195
12563
11688
38047
23605
17959
34786
30705
37963
27508
25939
30012
28258
27958
20660
22667
43829
56507
41950
42607
32187
35766
25963
31808
29763
37115
26378
22470
22943
38927
22390
16892
24000
26272
19110
19364
24255
16711
19742
18668
11051
18455
12482
17318
13876
34478
34739
17834
21542
16872
17175
12313
15884
25341
18738
15590
13730
15805
19128
12693
25433
11824
18978
18289
23179
12836
15166
19270
13980
12665
17073
14602
12395
20938
16898
15270
19283
13300
12835
14608
8844
9849
15699
19623
33530
30840
17792
15099
23945
16609
12577
16800
27890
23392
11600
10153
16939
14326
19082
83077
63650
46537
45162
43569
62361
54401
63050
51787
49370
34516
52484
48895
58936
47602
65359
112397
83940
99365
45164
55646
55399
54273
51878
82500
67489
77332
70700
75852
56727
66591
59676
65013
131234
77304
75824
95584
119529
192189
75140
87809
71751
60292
67998
65398
94459
87824
67038
49795
77671
64445
65313
53384
49868
79754
79103
39701
53090
53547
70034
48221
39709
33191
63029
65785
45996
57599
70689
41446
53514
60719
70779
65992
52021
80333
63727
59104
91066
47751
55356
41291
42650
58010
41847
38672
42251
61558
68424
56052
58405
41971
57311
80833
64583
71145
85023
139161
152018
96086
100893
57389
71366
87194
96228
115723
72498
59001
41779
91299
86180
57193
60449
52192
50910
80182
67772
58273
55275
63036
38080
45943
47821
56587
47841
45777
60134
63899
60323
61404
