61995
75293
69175
79294
51700
45440
61350
63489
49546
107442
56518
59792
66692
76053
55507
46432
34265
49047
49806
41188
39264
51573
60068
51865
39941
68218
85458
64253
95497
113536
152185
75600
60186
61973
52854
109175
71236
57868
62666
49920
82852
60728
131696
105853
84642
64997
166297
104983
99205
89247
93321
86698
131781
126395
68678
94988
90859
77265
74223
71360
77055
66452
96691
69513
83991
78003
74796
58270
67531
66526
64009
55751
95815
68578
60306
68557
55655
104206
63351
93787
80179
97422
64544
63487
70902
54399
38984
42068
66876
66071
61875
70028
83885
163403
86154
69090
50779
51722
46485
42526
89973
60258
64374
50919
45730
45231
61378
61353
54716
63180
51323
46705
40091
42985
54025
62462
18903
19766
16747
14481
14475
13655
11549
13004
9982
11940
14874
13997
15442
9978
10458
13896
21600
17812
17939
9270
12694
14448
16375
11093
11771
9344
22532
19628
18475
13838
10260
11571
14832
12517
7748
7526
17027
7311
36298
22363
12877
13021
7562
8860
6894
7254
10504
10169
10864
8578
8324
9126
7344
5444
8741
5471
5067
9458
6043
7304
4726
4190
4749
7184
5483
8502
7616
8679
10113
7489
7319
9378
11333
8264
9244
5292
7500
10918
6009
5669
5028
987
10177
6502
7662
4430
7273
15607
19236
12596
12635
6199
14076
11608
9918
8412
9524
9351
22131
20774
11148
23816
22236
12123
14923
11895
11487
9706
19210
13715
16236
12496
22070
13465
9644
12279
11072
6266
11656
7533
8678
8218
8721
9441
7885
10255
8402
8222
8156
5368
9667
8815
7122
9523
6829
4057
5822
6215
8635
4941
