4833
6934
6529
6370
7538
4771
12760
7736
11429
14821
5912
6977
5977
7120
4528
7234
6405
9856
5823
9383
5743
19437
9766
14966
12223
6884
6470
7739
6265
6261
11866
17095
12965
14291
17165
11504
8468
9552
11475
13117
9716
10878
14241
10714
9995
7824
7827
7770
8168
15210
7933
10715
7934
10967
8712
8487
12104
11309
12719
19714
23624
11097
7122
6668
6859
9364
10053
10043
10990
8419
8144
19187
16093
15181
8980
8232
5344
8099
12597
10202
9953
7339
13822
7513
4840
4850
5743
6565
4024
3962
6095
6850
7742
10592
5969
5338
6654
10056
13667
7218
18973
11778
12064
6883
8121
6457
3827
2978
3563
2673
2842
3574
4782
4123
3075
3166
7158
4608
3719
5439
2986
3011
3552
6363
3424
3090
7897
4991
6043
3588
8355
6421
9445
4074
3915
3043
2661
3571
2809
6747
5170
4636
4002
5934
8282
4778
6993
4844
4177
4640
5942
4877
8520
7231
7483
5006
5958
5596
3924
3944
3115
2619
3489
3914
2788
2915
2958
1542
4917
3962
3168
3547
6715
5675
4876
4930
5136
4967
4152
4584
4231
4782
6941
3250
2712
2761
565
1746
2663
2167
3827
2859
3488
3755
4019
2489
2498
3318
2958
2785
4477
2727
7576
4797
5365
2878
3358
2863
5602
4309
3862
5690
5433
9019
8031
6518
8423
6645
6717
4863
5224
4795
3170
3713
2423
5258
5616
4621
3954
3957
4821
2932
4213
4697
2320
2705
3837
2155
2543
3963
3576
2700
3407
4653
4265
4130
3785
6190
5951
11322
10983
6956
3079
3452
4130
4169
