4122
5084
7927
6732
5986
4791
8537
6023
5672
15936
10248
7152
4310
4876
4347
3029
5734
4021
4811
10367
14996
9757
8988
9479
13891
6601
6446
9617
5318
7241
8477
8335
4841
8717
10683
5154
6699
7735
5817
4970
6331
10217
8989
10452
8636
10068
9580
7825
4928
6223
5134
5224
4724
5428
3881
7034
7238
7699
5786
7481
4598
6967
6163
5114
3048
3948
3892
5665
3823
3753
3120
4066
7205
4510
10042
5105
10581
7809
7347
6294
8650
12701
8265
12725
10150
7002
6454
5389
6739
7289
4877
5324
5615
3956
51018
40054
31729
49215
40342
30782
52966
66953
75844
37491
29083
59454
56449
32573
27249
63737
49604
45350
42184
47685
30420
29932
36473
31491
22900
18888
38971
48003
45393
43286
35504
22539
40172
37666
21095
25153
33862
20886
28754
17713
30998
47240
39258
31898
35812
99895
88437
68630
90090
46891
28611
34632
29586
49910
31162
37267
44461
57974
59296
30716
22155
18851
13577
66972
34243
41468
37607
61305
47054
54433
26796
37104
25307
28717
30393
30915
25883
43649
22001
22646
18237
5226
21972
11644
12562
12706
58166
59386
41977
31010
17382
39284
29131
29953
51283
62585
32956
46655
43887
98663
82658
35959
75871
46704
76102
48210
47885
38027
46730
66263
43354
52060
46013
49698
33984
20478
37302
39637
29658
30801
46049
31354
57941
34428
30331
64048
42687
98656
64560
51789
75436
42510
39021
42566
61228
39906
40203
30751
46729
66990
48641
53044
46284
46448
55469
41964
44049
38530
75651
71984
52799
64163
31589
39484
50119
67964
75917
54007
50842
80397
65369
86898
