136417
73941
68027
65439
67807
48479
32853
37941
36896
72728
78485
55161
31803
29595
49140
74313
38783
55751
48583
63779
66069
42833
63594
48243
50529
45082
40444
30902
34873
40771
41723
60680
46873
44684
25785
27488
23690
78627
45753
50063
40210
41376
46342
46325
60833
32414
54728
65342
55577
55333
39655
52182
29415
55175
41245
46358
27760
69580
69229
44897
42595
53211
40791
41179
67734
53587
145172
69087
53231
42752
47768
47097
44374
32856
23544
27775
56238
55338
36478
29071
25085
41135
38311
551632
387095
620600
615875
514125
1051111
534861
744782
415762
475074
472777
488046
494688
594131
524168
482834
495540
646015
534937
361609
381734
721431
523620
394786
378188
420351
647339
706487
581798
565664
741853
495263
741993
559448
650872
1166526
1649723
805328
757607
681475
678290
881717
666589
826808
630056
681714
875951
661465
441685
513830
595177
613422
439665
647822
375965
432156
1086650
491375
429955
524346
467068
357476
485969
472271
357739
497622
863112
470828
639918
536600
432141
391415
357049
431456
966484
522673
989831
568863
360928
305737
121891
273969
293317
262735
264357
478008
523607
400373
540414
482346
510863
699583
714466
1518932
1981049
825734
656700
736332
1163023
737855
652988
749261
769745
960538
503382
633324
455822
909310
887116
625630
694540
562506
588372
911088
686850
472966
426135
407682
387305
622452
510700
487893
477952
512032
593989
499173
627569
458867
357420
831686
584433
537865
395903
343779
1230608
778058
544584
779984
474056
647408
547427
524589
457004
344678
378862
459919
454992
349481
470631
625441
408244
455286
493529
1223955
1599805
1108195
1029748
713107
659913
738992
736660
569721
577276
789375
1090520
590593
818639
554555
907042
968540
1606958
1393604
1126073
