1027744
833433
620989
835261
646151
766360
895305
1065515
1117690
563877
856668
832373
727125
615371
546154
679193
654351
913777
589811
571682
494964
688774
620819
438570
372708
648725
489602
588310
613577
620114
946878
544859
791827
642948
580933
606975
728067
654184
528437
565878
1031917
1990025
1185581
804514
634304
726663
724387
745260
621154
509294
539827
516738
838113
673958
503161
609291
856396
446924
508337
460827
1363577
990786
865805
573847
487210
608367
1599004
951743
134307
51358
47100
44970
41921
36905
48371
51113
47695
27672
29446
30838
37652
41610
28450
25963
49118
34507
37300
34432
53065
46635
44450
30825
31638
27547
41855
35871
23153
31051
59774
43002
59523
43893
31216
54819
49122
37844
35135
28105
25824
32800
48578
40403
44947
48717
45150
18490
21201
29026
37663
54297
28613
38018
22707
25407
42716
45156
28228
31350
21384
11500
24988
27865
19820
20698
33346
16394
28053
28969
32449
31480
30983
28675
33582
31075
60925
22014
19499
15711
7277
14536
12650
15005
13036
23534
31420
28843
31002
42496
40117
29690
26182
26169
38350
21614
27200
31103
25972
27741
40200
40703
38160
38055
27256
32392
21282
31741
43370
22276
38769
21026
24606
27945
20135
24834
27415
98659
47384
59324
47245
52247
30496
28112
44449
34839
30969
35881
29387
32831
46938
26526
26606
18123
24957
33497
27694
41310
28913
24402
34361
30368
29773
28211
20928
23936
23446
15386
23685
22125
23354
22329
26961
33966
28170
32417
46820
44719
36120
25785
25906
24195
17461
35037
24168
19436
33567
61400
38631
37927
50851
65921
35430
36623
35025
32704
51178
48263
62518
63992
88043
109929
52914
68187
63988
54219
56602
46205
