57042
39195
50854
37381
50389
34803
35205
29585
30922
33899
38898
31299
39147
28983
31828
27224
29752
66155
37827
58378
36185
54390
28729
37925
43336
29805
19920
26494
31853
35082
27044
36491
24925
34644
37506
41957
28701
31450
30053
29017
36546
32053
31789
21070
28504
20611
23574
18650
26527
25716
38592
22070
35392
35445
33407
189761
80072
93921
82692
82929
84710
65301
105013
101724
60696
74060
51806
58334
59752
68558
62759
77678
103173
87876
129602
95921
76088
48959
74963
73706
58082
65856
60724
66612
74672
55338
64058
40142
74640
35831
28270
40887
49153
131837
72068
59637
59830
41039
64234
52452
45468
50246
181132
48500
39669
59076
40958
40736
36503
29150
54883
46982
42788
52129
41551
47091
44724
34862
19755
44202
84942
59460
65977
62949
51955
52567
54696
43361
37021
37841
29378
47901
42428
67056
35898
25862
20397
8359
16943
15926
27116
14847
39791
51770
57838
69770
45309
44015
80098
36673
32559
48452
45631
35593
75303
85908
48904
43683
76132
67499
42216
55542
64130
152623
97667
118224
74659
67544
59668
68670
66503
102362
59807
47382
45587
53809
70059
39954
52157
66944
59525
86252
62322
44022
60176
44131
58301
48369
59009
61449
48087
79486
156381
69875
68893
80615
89003
91675
78592
91005
65090
42112
56030
62528
58887
78716
142374
78594
52407
60671
58521
53915
56791
83311
58609
74143
76808
41674
45850
58953
64589
59656
85452
74474
90331
111810
79523
152968
151037
80144
57643
60708
56798
88910
92272
63032
101373
139729
100026
62640
93577
74161
75154
59553
55603
57310
71894
79610
104412
87785
73330
58326
92418
127536
96960
63937
