64414
64886
75897
110304
108442
93955
167774
68957
118859
104325
94779
63090
57045
63684
82415
50069
62081
64604
63058
53369
65073
55045
74028
60497
56775
54742
54617
70485
131894
85452
48365
62694
52540
38148
46446
66788
51098
90756
67713
61139
43635
80492
62589
53084
47184
79450
64236
46042
68224
52959
54489
45113
73594
76939
53393
48811
71326
47459
42393
56535
133990
89323
66142
60774
62907
51463
71708
69009
39633
30317
82616
117214
63095
83682
62810
52387
67688
67312
31903
32964
37116
97043
63644
102166
76828
94219
115282
70891
62433
84866
96031
177283
57918
56087
55186
39994
49326
67202
43970
37393
39452
26369
43272
42567
35855
54565
30862
15082
39586
38496
36654
27907
73351
56968
86326
82481
93080
38193
60945
59149
51605
39066
79754
41917
40949
33797
17566
24456
21556
23348
42574
44442
61346
55860
62023
64807
52904
46306
35044
115065
87290
36478
50447
61345
56339
36300
47012
98689
58320
67687
71305
60275
52549
63721
104504
72215
83942
79019
62576
54805
42815
59219
46492
31640
32095
68596
86476
133942
322876
259383
103633
88813
60495
102312
76807
55700
36468
33312
89646
64087
27557
57085
60783
51202
50407
54945
90686
40077
51814
50369
43491
49426
41056
34382
45026
37709
39436
64701
47479
26561
115650
52036
49690
52152
165103
99489
62130
63466
60901
81405
104849
129848
118534
73901
108949
109461
111728
93670
121210
65416
60808
76773
58646
48502
75250
81499
104327
110091
114506
137233
128677
107591
81186
71268
94972
80058
61701
64282
86418
60195
51468
36864
42402
65391
69805
47979
56287
58945
54292
50634
51223
165748
98616
74025
74729
110007
