46457
78537
51489
77248
34829
33901
97559
44010
31805
68116
55184
76847
51593
29883
53967
51736
50720
35924
193116
80175
87519
81445
51699
77284
93224
60423
77216
61876
69052
26978
44985
39495
62882
44588
18002
5073
7135
12280
11536
12691
8135
14626
10341
8695
10323
14047
6994
12737
7616
3971
7923
11239
18618
16496
9010
13233
11175
19778
4985
8945
17436
15071
13257
21703
19172
12031
9847
8357
5286
8155
8874
8001
8954
9479
10384
13216
13109
12092
20206
22881
30540
10257
9841
7282
10835
11356
22312
11988
9461
5474
13543
13769
12108
8359
9942
7482
5494
14591
13476
22559
8947
12357
14995
16290
12163
9741
5790
8386
7628
8548
8225
16780
5955
7276
5740
2059
3680
6378
9016
6384
9200
10352
18252
14037
9690
9372
14838
9263
11219
11656
8862
6295
13113
14418
8371
7713
11918
7251
14834
9382
9856
8078
13856
27247
12296
11567
15762
17130
15416
11866
29934
12189
17870
16508
18686
23210
39638
20217
20794
12647
13923
9288
11017
6942
11711
10709
6713
5875
8226
9241
8845
6167
11825
8405
17101
13172
13253
9221
13247
10949
11760
12633
11100
13262
10259
9966
9527
13564
11057
20985
11802
14984
8724
10668
9912
11489
10657
9461
13317
10057
34844
20171
14151
19585
14365
18324
20275
17352
10954
8437
9970
9744
22097
23627
15450
17886
24111
15481
20356
14053
10104
8635
7601
9740
14658
19870
14789
23248
16938
13902
9069
13273
9064
9551
13895
13772
12097
18518
17087
19556
20754
9958
21197
17763
17542
7226
10978
13506
11271
11067
7307
9274
9346
8145
9016
7717
