8820
15236
9875
9004
8247
17171
17890
24796
15659
12800
13885
15157
9904
11346
11267
11517
8730
14478
8377
13622
17786
24342
15374
5142
5700
3852
3155
6305
3992
4886
8269
7166
5602
8256
13458
8989
8824
4177
6519
4843
7262
7070
4597
3190
4807
5353
20101
9507
4281
8399
8888
3811
5257
7345
3684
11646
7379
3245
16432
10946
6692
5714
8422
17885
34774
11182
10598
8524
5359
4345
5571
4517
4680
3236
7318
3646
6807
3886
5069
4807
7916
4683
3444
3498
3064
3797
4278
3378
6373
5245
3020
9665
3722
4007
2939
3982
3299
3337
2963
6427
5700
4397
5394
1530
2435
2701
2526
2174
3370
4100
5553
2946
2952
3171
4434
4357
3066
5475
6942
8659
12114
26668
6580
7030
5495
5492
6443
4801
4791
5056
5673
7727
3729
3297
3746
4224
4214
3749
6209
4349
6058
3836
3818
3313
3735
3467
5488
6546
4539
5809
3410
2208
2549
3027
2391
3988
3151
2887
4023
2992
8749
5805
4438
4571
5170
4641
4437
3693
2702
2776
4837
4579
8457
6695
6803
5497
15763
12487
16116
24669
10288
5973
8022
6878
4816
4223
4728
3569
3880
3634
5318
4605
8882
9982
12870
7369
3613
4285
2664
4084
3985
3969
5681
6753
11023
5422
8653
12827
5318
4377
5585
5746
3895
4883
4796
4642
3474
3923
4069
5184
4204
2521
3779
7373
4530
5556
6497
3621
5003
2195
5750
6062
9634
4277
4368
5063
4563
6300
4690
5355
6595
4933
5621
6106
6777
12700
21463
8602
7701
5226
4488
3881
6332
3171
3224
3322
