3240
3583
4729
2843
4293
5077
5010
10785
16698
9267
10411
14819
12271
10410
9694
16795
11786
17462
6017
13571
9200
14882
13563
11254
19894
18211
12704
12649
12664
14834
10895
15281
8768
9191
17975
12922
23191
10775
8750
7934
14184
22927
15408
57757
25226
23706
16050
27291
15112
17764
12363
12155
15797
13876
21992
18124
8877
11463
10562
9208
10883
9710
12155
11915
13503
13406
21744
14526
12829
7073
7614
14265
13885
10347
11595
24365
10208
12915
12506
12945
13618
11159
9186
9903
12452
22801
13014
11550
7174
3242
8675
6162
5761
14380
20253
33468
32777
55019
42565
21328
31036
24109
15988
23937
15494
17057
21134
17607
15660
14392
14606
16771
14084
14555
38092
25783
38972
21390
19827
15068
9286
12913
22324
17563
17483
16467
18506
12028
17597
9328
13183
7986
14511
13360
16207
12595
11804
12643
14875
27850
9396
8689
9374
12625
10643
10971
31199
15839
13842
12963
10931
8683
20994
15531
12003
11955
8682
13689
12878
11441
8053
15332
13448
15067
14380
22099
17730
21689
23325
16543
22406
15465
31289
13334
19156
39764
16795
17089
13830
21041
59027
26199
13892
15644
9950
22264
18527
16257
23650
26070
24294
16779
20269
30623
25462
15641
15639
15397
16666
19316
26287
22969
27050
14849
10636
19613
12559
10288
9392
16716
14179
14498
15449
13674
13655
7615
15821
25145
17388
11905
10718
15079
17276
9006
10942
15453
7854
7967
8509
6469
9916
10666
19060
9592
10388
14028
13499
14713
44022
28163
22773
21478
16202
16552
10780
24812
16892
19509
15245
9656
15295
11217
13821
36944
38106
40427
