15660
14392
14606
16771
14084
14555
38092
25783
38972
21390
19827
15068
9286
12913
22324
17563
17483
16467
18506
12028
17597
9328
13183
7986
14511
13360
16207
12595
11804
12643
14875
27850
9396
8689
9374
12625
10643
10971
31199
15839
13842
12963
10931
8683
20994
15531
12003
11955
8682
13689
12878
11441
8053
15332
13448
15067
14380
22099
17730
21689
23325
16543
22406
15465
31289
13334
19156
39764
16795
17089
13830
21041
59027
26199
13892
15644
9950
22264
18527
16257
23650
26070
24294
16779
20269
30623
25462
15641
15639
15397
16666
19316
26287
22969
27050
14849
10636
19613
12559
10288
9392
16716
14179
14498
15449
13674
13655
7615
15821
25145
17388
11905
10718
15079
17276
9006
10942
15453
7854
7967
8509
6469
9916
10666
19060
9592
10388
14028
13499
14713
44022
28163
22773
21478
16202
16552
10780
24812
16892
19509
15245
9656
15295
11217
13821
36944
38106
40427
26640
23661
21300
17799
25945
27274
25308
19494
59015
50333
36451
30814
53092
52221
45157
45129
26316
27964
33617
31578
39217
39806
27132
40258
38321
50157
30285
44671
53001
67506
54206
34049
43647
44322
43176
35965
40613
90941
78878
44641
39912
32021
28819
35899
28646
28938
26778
27662
32640
29193
19113
43752
29159
21330
27855
24554
22668
25813
17466
11397
32981
35989
26700
21818
30012
20658
30621
36591
24850
32950
35764
23978
25624
41412
30676
28641
21086
18435
6130
15370
27892
18078
12974
27280
22476
25751
25930
31194
29442
39086
24336
18034
32641
33190
26606
58619
35193
20802
32376
76512
40717
34733
32982
50560
