26640
23661
21300
17799
25945
27274
25308
19494
59015
50333
36451
30814
53092
52221
45157
45129
26316
27964
33617
31578
39217
39806
27132
40258
38321
50157
30285
44671
53001
67506
54206
34049
43647
44322
43176
35965
40613
90941
78878
44641
39912
32021
28819
35899
28646
28938
26778
27662
32640
29193
19113
43752
29159
21330
27855
24554
22668
25813
17466
11397
32981
35989
26700
21818
30012
20658
30621
36591
24850
32950
35764
23978
25624
41412
30676
28641
21086
18435
6130
15370
27892
18078
12974
27280
22476
25751
25930
31194
29442
39086
24336
18034
32641
33190
26606
58619
35193
20802
32376
76512
40717
34733
32982
50560
32331
40169
41441
23833
32670
21259
36335
31093
24938
38149
44624
30017
20008
31390
39251
27724
22545
21356
25056
25263
23741
25181
23551
23948
20241
35197
49848
47628
44627
43428
38774
46439
26580
22941
27490
27810
31799
32408
25079
24689
39769
31752
22586
34552
21418
22503
30058
31151
49045
71254
47840
49192
99090
51432
67966
52545
39673
50020
42946
25406
37601
22835
26793
29159
54788
57774
42175
43292
37625
33357
37111
36647
35357
47113
48136
58581
36843
33524
36334
33561
33548
40461
28219
28151
41786
31026
46141
36917
37532
27537
41149
34934
39894
35525
56574
46448
35411
39871
34000
96732
33077
71721
45424
59129
43953
33371
34315
36884
24916
27957
53831
40718
34897
31301
37123
73944
60700
94627
63371
43026
46973
31367
42016
36647
40414
43776
36981
33010
38211
23467
39041
38858
41406
24557
38132
43400
50828
34730
33241
29667
50657
58596
47105
28030
34853
56072
47414
54407
99893
58120
37107
37278
