40467
38445
38129
35500
41740
40342
32470
44286
41131
44393
26828
30209
44858
62114
99996
54862
50078
33659
29462
22433
43061
38739
46385
59717
29955
31853
117388
66019
61173
73277
55810
52754
71675
79915
26329
38462
41449
44825
32484
19585
27636
30661
26646
35690
31098
25271
25743
15731
14483
33030
36050
22598
20396
39621
26017
28466
24744
27549
25573
44544
25875
23042
24175
74638
52642
30931
18600
8489
14968
20498
18478
18885
42541
27113
35624
27389
23788
24049
20531
31219
35518
25285
19906
27344
43076
46483
37082
43127
82923
100006
97641
60314
41887
37619
64538
86352
48273
72481
56589
51290
36098
39226
36837
37422
33719
35796
42246
41591
51832
45810
34525
38480
42408
38378
48025
35602
114971
63139
49044
64086
37730
39107
58011
40510
79942
40962
31415
37869
49630
52222
36251
49585
64199
59366
29169
63979
42847
32357
31905
56271
46748
37808
32143
59521
40052
33372
40200
28590
30957
51883
81362
150186
100282
75496
39853
46474
68130
102792
74780
44503
36875
42853
45925
55032
67839
63549
48586
108180
50912
49828
53907
59861
76787
53963
46400
61260
54409
71208
80517
89505
131451
63335
55086
78814
42855
44733
44567
58259
36617
32439
30360
38507
48693
34780
40089
40981
45158
36065
42419
32637
38856
35905
20873
70827
32089
29314
40257
21747
31812
35723
43628
57969
35900
35933
24315
27629
24845
41879
25314
22259
14662
29419
21876
27645
44575
27628
15800
17114
24993
25783
21236
148943
77967
51361
81984
51132
227853
221733
252313
188507
1158160
133864
143581
214682
98879
38134
204050
126859
102506
106630
74617
216157
294907
147291
135967
63067
