77485
189820
71745
115886
78766
137016
242107
78009
184928
83036
132145
72063
75815
126945
90735
94546
646235
363871
152415
144603
164987
120884
84271
94300
100856
262014
248247
155847
73451
68443
25864
48948
82052
59067
38253
73577
17759
74379
109027
83456
73785
393072
91815
93154
80201
125559
119698
1442159
545808
186575
334541
116914
137242
91109
110515
23676
53897
34344
43685
62886
70839
41146
33112
49974
29907
51734
89459
54463
51620
250474
70431
54027
126642
90326
36967
118044
48010
35844
26991
17269
19949
28957
30076
56248
48428
26144
27434
44339
28381
17501
26301
37650
51955
39134
92549
35190
27170
55449
53959
66130
33261
70816
145041
81367
61661
66526
71935
43895
53530
23601
32170
47996
59031
28201
40785
36457
29727
33329
29194
37697
76063
53327
56446
45503
29990
27931
26049
34739
26433
20148
40342
23841
20795
30151
22447
21814
30353
16662
12380
26205
29217
35237
42815
48359
30656
25901
42064
31628
18941
28575
39862
19751
31716
45513
50997
112960
49875
14158
30988
29777
27020
29613
30564
39610
33617
33364
26015
36824
61261
49139
53206
47463
33533
37887
51813
62054
30834
36958
34224
56305
43543
49890
35555
38277
51388
41887
40197
44781
38953
35711
25204
27063
17512
24319
18829
17877
26474
21787
31548
24446
33236
43766
39440
30513
27549
20938
23968
37039
28127
23875
21746
31142
31955
19067
46180
29813
61552
155998
58181
42974
35186
26366
35467
28290
24683
31263
43577
34577
26329
46876
33188
37091
27972
46458
58850
49835
53755
47018
26707
31479
52963
33271
23825
48498
24999
57519
59306
65275
70986
52426
31484
41820
54145
70132
60287
39066
