46002
51005
53406
36441
53886
60633
45417
30314
49403
50073
40323
50034
55050
64411
72866
43572
51609
48080
47988
44995
29587
39119
42782
74461
177347
73734
56952
40689
68183
51630
50202
30157
43545
45342
48395
32334
29053
52304
58657
51413
41230
24839
37631
39047
29443
41186
27806
28365
26398
33813
38514
39699
26996
21361
54237
102177
44804
57542
43856
58822
25327
30177
31934
38958
39388
73473
50811
46825
44113
49166
41811
48753
76688
54309
47867
48883
55112
72402
62291
33163
41067
45259
48842
41866
52714
43078
55885
50621
46521
38326
43566
53622
61591
74814
61118
67223
169335
52594
57143
49261
81616
60085
66539
49808
51121
48730
114791
38631
37677
42338
75468
68072
51626
48083
46732
33498
63402
50778
41372
38799
48550
21653
29963
31279
31936
36814
27495
18581
63561
55995
37234
46633
58152
38688
33084
26772
24540
35005
35861
28678
41674
39534
87777
33966
32919
16123
6349
16590
20873
19224
27347
39502
36446
49734
31683
35813
37929
73863
33408
26459
40822
35790
30584
57144
121272
91084
93565
62625
72241
71316
53212
40063
73281
56834
70252
30556
52144
36967
50988
63760
46717
51541
58790
66074
70496
86959
54076
79571
52617
36136
40687
34437
31066
27645
34616
40321
54312
35259
25470
28026
29167
30662
25688
44686
37573
46056
51600
48663
42328
37837
69413
36963
36625
46914
35987
80767
58886
66733
33478
48916
50732
52362
69502
64818
86525
69954
81908
109932
61321
71110
57635
53875
59578
56188
73232
54257
95570
108714
61731
37613
36565
34742
53666
50503
63924
126184
135474
116156
51506
85651
105931
59119
42210
56342
43347
43413
