56157
58100
103871
139719
122683
54523
76137
75223
63477
63896
38042
39595
43969
55527
83028
116010
33112
85324
72040
76675
38990
55304
84505
47898
50181
51294
58597
42571
37556
51495
26395
38762
58577
81963
142399
96725
75632
79632
57108
71999
52701
32835
46029
44312
44896
39063
42348
45044
44167
53069
66617
52599
40309
43735
33276
28241
51072
54942
39285
32110
53843
63821
48635
99362
48107
51973
31403
50456
56231
59820
38392
59292
44951
56592
36098
47466
37150
37839
22599
59067
55875
63200
55103
57003
58730
57490
68314
43242
29286
33738
31627
36743
36126
28571
23943
37166
42110
34179
23381
45203
39850
134223
57194
59937
41477
77607
60680
118587
70481
76860
73402
58320
66568
42459
31538
62753
35014
65874
72699
51080
53093
68541
42126
30124
31283
48203
35616
29976
56945
64541
44235
63256
44397
35050
25239
12939
37198
26587
26327
17085
37411
25035
59463
111387
59043
32873
68448
53608
52669
59752
60555
50906
60101
57750
35249
55129
47747
47490
36334
30011
46407
40179
80246
62648
41952
49645
45960
42402
41713
61957
48160
49402
177380
62666
51119
54413
46627
39993
74491
123163
80442
63151
42977
57861
43946
48678
32940
36266
33907
35091
27954
46550
46396
38424
125550
51022
49615
37851
28667
30576
34380
38035
45603
39592
57791
122038
123711
55970
57374
67311
60414
74828
53301
113334
75412
63661
45370
40746
54000
63889
61528
94230
61563
72468
68783
101594
80560
63914
69033
37334
74529
78078
74291
68054
77282
92312
107755
50947
41675
59335
48584
40073
53090
46341
43368
72132
39069
43042
46368
35996
31241
60572
54897
96422
70810
53106
