65658
77460
72408
115553
62113
47052
86326
64036
130613
58322
117938
101842
166123
70005
57008
47000
46068
40730
53542
31212
136768
99336
66616
46707
39953
48328
43869
44925
39226
64681
130669
64101
120469
103129
95636
106473
61444
80900
115145
62650
84437
97441
70064
75403
44480
33753
35784
23701
49444
29238
39781
29768
44838
21508
23973
33635
29934
18974
24077
21417
26810
39087
31266
117485
50458
43609
47953
35699
58723
74320
52162
24704
35709
36539
25402
18952
14714
22070
14924
22852
33799
25251
21451
32744
23633
19991
33078
30722
32090
33876
48060
73799
63610
48200
54930
93060
59006
53389
32217
41433
41125
34028
27611
53148
22822
44346
34758
22690
23861
59516
33130
37396
80805
47127
34590
29363
27302
29249
27370
45292
28925
41751
24621
20675
51553
28598
22748
22561
33565
54432
72435
49110
30006
57843
52133
42159
40980
31214
57835
42762
37799
45440
29499
28695
37606
58835
55991
51596
55294
104397
72328
85088
67635
44794
60684
74622
137517
80132
73473
49394
35861
86449
72626
82621
63366
99333
121704
113748
158109
131596
68860
60358
75827
95349
55093
43792
57157
47120
54259
43654
90498
49869
40836
34881
130990
83988
48210
45441
143075
69789
78124
98139
102543
64210
63401
75659
56148
56257
84181
96522
81516
56563
62092
49386
42272
38367
68925
63440
42866
58339
95498
122117
161094
490397
228812
157418
134993
130648
128895
130239
116488
119751
85733
137976
140700
69646
74610
65226
64577
111937
83212
60866
67546
64944
78581
79258
66332
59690
69581
70856
51690
50090
41178
46824
43960
62057
44832
67382
29117
78133
133975
45940
71107
64782
49070
36289
