29558
32932
40747
43145
49364
40282
41805
39696
43731
48821
35888
32438
26297
57690
60775
42949
29076
53031
28458
49264
33216
54390
87613
101677
41779
46675
32742
50767
31422
19594
12144
16017
23457
14722
11901
11977
19637
18688
13723
16159
12845
8087
12333
8950
19089
20179
17631
13732
12266
10856
8925
17452
11624
7319
7631
12399
10626
9507
9479
14485
17150
18370
10479
7101
12346
13468
23382
16898
13121
11588
16471
20297
17178
18081
11198
20413
9153
8702
8377
18372
10638
9835
16174
22417
126217
62533
70370
47568
39997
28782
29329
18504
28985
25966
24527
26968
30661
17656
38855
27131
27331
13281
24742
37931
59470
23188
29301
17215
16013
18153
5965
10961
9651
10939
10460
17284
15102
25796
34675
19176
15104
15583
15923
10566
15575
14880
20658
31641
35113
25945
23597
24510
22873
17930
18520
32224
18715
17500
23398
19740
17837
13260
15059
13144
22953
13430
9807
13837
8895
17646
17087
13173
18613
11884
14743
16523
9516
18354
19697
22693
13656
11703
8888
9970
11044
18851
11846
16867
8542
11121
34284
15948
12568
11408
12312
10306
10521
11687
26147
27867
18456
97657
21660
20092
12157
9562
17834
13834
10649
11225
12029
12761
18374
38415
17451
15576
18082
16006
29046
21662
22778
32595
23222
24780
18927
20184
25902
19980
14344
33422
27065
23120
14502
26544
14470
15446
11255
13090
35015
38068
26893
21906
20448
15524
12794
16494
12073
14530
12120
11047
11661
11324
7580
12601
10964
18899
10453
19718
14421
22488
14672
12609
12723
16468
8209
8253
8468
9307
13958
13017
7156
9295
11167
8790
7531
12045
