39927
31732
22252
23898
16513
15152
13179
17746
13928
13304
13525
17686
12373
8049
9582
12929
13693
14815
125944
105006
108114
108654
110316
108977
101813
118907
85869
87257
74252
93030
88253
84801
66561
83212
108311
122614
144635
72378
99973
111753
92909
78835
87210
75568
110392
122077
91253
71134
117660
72714
92209
92480
126998
235082
189523
140766
139126
114432
157258
125303
99303
107438
118091
102697
138371
91902
85186
117739
117764
111795
135910
99511
137681
114263
115230
132984
163001
138680
96811
71866
60811
108153
123022
108960
125202
149925
91065
110741
89115
88419
71945
81724
107249
133332
100888
221777
111254
71245
63603
24338
56934
66618
56020
69626
95061
106734
131714
109015
78984
79763
108206
130237
78989
209953
151819
130330
144763
140172
100026
156302
149823
171021
178467
101533
136097
92562
183969
167751
100817
113563
101157
83535
123358
102123
94854
82605
142222
98397
124813
85192
105288
93577
92193
90139
93603
80676
106341
333804
88272
84365
99587
82229
74448
88879
80606
117421
231175
88037
94538
93511
104967
94503
78128
83115
119390
106005
86175
82600
94093
89625
69731
86958
124815
105018
86568
157441
146263
119163
133557
195829
116753
92814
118630
124769
79300
142558
153104
149007
131436
244099
204678
184453
108801
110368
123371
125050
102609
184826
188649
241058
218129
139919
211789
189146
299310
268191
195111
155817
142541
217854
138441
149414
131729
169951
147129
105239
111034
86374
117230
168454
121435
138240
126596
182162
450128
158342
202399
158021
179737
105348
154611
172801
159004
121741
107971
109244
96684
128392
175698
102774
223052
257075
179731
150765
117772
169639
135036
130367
129849
114555
108550
105087
97966
85240
66783
135507
