114702
82408
85498
87511
134790
119496
112861
98002
91692
76780
100942
99925
71614
51903
111640
83889
71799
46910
297417
115009
46386
49776
97057
58153
64117
62510
57401
58742
80814
63853
50456
60063
64840
100145
93095
66167
53551
79450
46344
65342
45161
56862
128674
108212
99171
101469
70050
88114
80165
110433
191956
132804
123188
202373
73387
76630
106939
205585
91297
130762
59461
55755
54876
47426
53026
96150
80542
56804
22620
66524
71083
37883
60278
64673
60444
56402
71041
69544
36464
59073
55568
65017
121007
84456
43412
29605
32867
10333
29682
22534
33184
24115
33328
95558
118322
53263
41595
48467
66375
68717
44477
72356
39039
80231
91428
62148
52139
65115
58993
103808
173359
82029
84561
55982
93175
91581
39903
42503
30801
37772
80382
81113
59103
32529
147831
75295
60775
106261
102115
77793
53366
40671
50559
58296
54380
56796
93270
78528
76837
50370
67166
44787
49918
48461
57933
43807
46658
71580
74363
46208
32207
42725
36832
38320
76863
81779
63323
69088
35812
57747
42614
46766
39917
58129
71684
114154
289293
73614
72469
63216
89703
84020
46187
65544
50860
83798
66790
104040
136860
81793
51419
57268
71003
65149
79446
67422
79159
100666
103581
54073
82119
70563
67488
86506
182398
111494
86505
84148
87052
88510
100213
60271
61237
62787
50312
105714
63998
56294
212319
64293
54419
87174
92048
71688
78200
59459
86535
147273
97955
80919
81844
59523
63494
61824
93519
122710
100024
85066
102332
156766
108252
121063
103919
87488
53055
69836
58479
59909
30914
36327
26087
44474
45778
62236
64611
141415
40782
45182
55296
65346
84414
24338
28552
30318
21900
39675
