26738
34045
63817
42505
44725
22761
26273
21677
34615
31265
35208
48126
28045
29725
19095
36407
24367
30733
35392
29802
20244
21204
34007
41478
40859
44069
24978
23995
17181
20144
18665
31558
30331
26796
33847
32081
35415
152161
40822
36226
38025
51663
44846
24762
28337
18584
24271
24415
16561
26405
12403
13494
15474
16535
28787
21086
16080
11976
32103
31939
28060
26791
32266
15436
22026
19276
14487
15562
13839
11888
18180
16484
18985
14154
10141
10176
3608
7621
5262
5232
7750
13910
22689
18168
20523
22923
40448
18291
10937
13236
17475
17607
18350
35741
36890
31845
23317
59471
63979
43829
22698
45994
49567
84584
76422
35197
36434
18398
16290
22120
22109
18595
23764
16143
16081
21715
18019
38128
27597
25409
20816
23877
14857
27229
22704
26433
23385
15830
18788
24969
14858
26312
16775
24438
15669
14384
16722
39371
15340
21047
12239
17425
33950
18832
23833
33265
32790
37829
13976
13512
25093
27257
52990
55265
36271
34089
106707
59267
53392
64682
43924
38645
34042
25927
51938
24317
65648
70227
34186
32801
32567
28155
40907
63630
47004
51617
57647
66159
69680
68711
65956
52828
37594
32684
32522
37667
59422
41755
39952
48196
70352
38109
31324
40405
34636
26475
18769
18436
29151
25919
32325
52328
20703
55669
41806
49174
34495
34455
48113
33039
31576
29948
50987
36132
46441
47192
31766
35214
40028
141643
62987
40445
35694
25690
36579
27027
35182
18053
19306
15024
27226
24824
32777
38485
25766
23862
21572
17651
58803
30464
428635
403851
348356
319083
289756
272691
322510
514753
358984
350278
218801
290392
251165
272963
289502
499888
