387218
357056
394985
240699
411577
344523
422313
310612
258260
239305
409039
505626
430622
343721
417053
361486
366276
260341
242205
457018
703686
361059
374589
304153
306188
329915
323987
276394
420854
380863
456794
328932
271449
388454
309801
326748
343833
366556
435356
258596
204242
268839
253324
298106
318817
261311
262300
382405
392201
325196
533143
614902
329495
418788
424997
363829
466160
353407
402443
435653
442727
481276
359936
247620
245035
79564
130422
155952
155041
201430
354633
412141
277312
448646
331100
318786
471150
396220
380023
697415
417402
399384
1375476
1066348
565768
529752
663240
650735
536551
374081
460191
373776
572117
752241
583209
451796
393317
338393
380557
464252
346506
318095
402958
438988
522310
446535
467237
677032
346159
338980
275649
254591
347942
285301
371070
409036
301285
313719
291481
285537
329204
260120
370143
232572
337400
360589
450238
397319
306343
302979
390479
239019
213479
281976
288954
288750
228899
246458
279888
725330
454209
1212065
721418
393140
463277
631768
324891
428892
662960
485837
365202
541210
312308
489903
430620
782261
729762
665782
507713
477040
353321
607198
565068
617460
646026
765655
895887
491362
668136
507222
448516
412523
378485
396184
309569
528688
445282
510178
425859
443025
311475
486621
453641
372206
347550
372707
336650
422533
450460
738536
707424
399684
566967
353363
566471
368027
359553
446041
415008
304279
250003
485647
373205
818761
585073
354048
435389
411155
354959
282409
272069
448726
239453
290102
264448
355666
299678
230796
198305
349067
377958
341664
462015
353873
245640
283340
338837
353872
308663
34141
47777
54905
30095
33866
35186
34510
41401
39684
84306
40553
34313
33591
33097
39290
70180
66271
58786
35059
23166
30295
36217
35028
41595
66221
48207
35363
