40763
46076
81652
52932
43222
63044
32587
37859
33120
42024
33661
47712
66530
35810
46529
67023
36625
44235
67940
43043
63605
31357
54544
32626
55030
55255
122765
47989
62105
29272
31738
32741
36226
22522
29410
19090
42904
39512
35332
51844
40551
26480
29775
21354
22933
18622
22750
24500
24963
25365
30874
26196
14706
17355
7011
16408
21261
18143
13118
28165
50122
37842
46476
39306
20634
34680
14840
18201
38627
23611
22612
29161
43003
19934
29938
26509
25270
21975
30899
33536
29863
64033
55121
42910
44907
26457
32057
26232
27902
14381
16054
44316
44399
62056
22836
26582
18424
24410
20282
28973
24680
18843
20666
21612
19386
22015
30131
18150
17974
24803
33110
40096
28121
22352
17124
23936
22912
19310
15636
16129
12224
19130
27518
40454
34965
25283
20318
20808
21213
28733
32751
34929
28408
34927
47943
33732
37416
38810
30950
29989
42171
46495
28008
27469
66341
69685
38964
47622
33346
50023
60201
63566
36053
55381
67307
44113
28409
33806
37344
31520
30463
35092
35747
66581
49157
32156
39996
33008
33458
25668
29347
35080
32722
22523
24996
33789
39636
32535
34495
41912
27594
64442
49206
45615
31975
40834
52914
86882
32670
19424
27078
23222
27117
31920
63923
47971
35836
36547
38425
21992
35869
18283
30525
28935
37764
36811
28999
41422
28233
36473
27603
32476
49140
88434
50847
35494
35646
29128
14898
11628
13249
15931
13369
14340
20284
30911
20579
20121
14477
12363
17570
12531
14012
23856
18666
20119
20081
12545
14377
26711
21092
13976
17630
10776
17967
15669
12993
12740
14834
10994
18660
17085
13786
17195
19572
18539
