26214
12787
17952
15326
17055
16667
19335
22638
28357
25153
19293
16021
16081
13443
17265
18794
23707
14664
11692
10742
19322
15866
16162
12570
9565
28666
17271
21660
21537
13309
14845
23138
19044
19212
22131
15271
20377
15708
15637
31794
15669
10675
15557
10351
6416
10684
8079
7381
27489
14719
14942
17828
13426
9439
14637
14052
16383
37813
14372
18695
24010
48319
23397
29060
34845
24398
33342
33890
32712
28370
65021
44629
21024
21925
20018
19188
31789
25510
23045
14588
19851
25770
23446
23292
20453
21106
24760
23017
20509
27618
16493
15179
14082
20992
23338
21732
13855
19125
19669
19744
32830
36316
28044
21265
24907
19405
23812
19376
19432
19333
19603
18240
23250
23092
30315
15828
21757
27214
19605
38880
22357
24501
22847
23396
21899
23260
29964
29188
80590
34604
27042
30531
34092
48345
44079
30624
18592
27290
16739
26803
36550
27994
28294
45386
27816
15400
29160
31894
16681
26657
31360
29897
16043
44559
24370
31385
34437
38928
31625
33474
21811
22890
24482
30052
40334
23594
18245
22326
31031
20424
32330
49055
31074
18214
17456
16887
21726
10420
10122
16618
23003
24553
20808
18113
18346
19256
33339
24881
23454
37083
30233
109323
97222
42369
37580
34619
54635
43283
39775
49928
44043
46894
34570
16091
23794
36708
28788
34971
30010
38776
36313
31957
21407
34236
27793
39888
33271
21584
25594
41860
44831
30037
32477
42586
47054
81773
32682
38473
53938
67377
114114
48693
47583
53503
73690
62788
46853
50025
61208
100228
56529
129270
71122
51434
35326
34066
38246
35410
31994
74320
72336
43769
48575
64525
44592
55215
