46371
45202
73422
30567
27357
27568
30904
38482
43689
45888
35858
22387
14064
24478
40325
51379
53780
41926
36065
25336
22884
17624
38430
28094
44820
88625
49967
204837
53566
65223
62163
14909
273896
258109
136818
142834
206435
145395
178720
292348
221987
146798
254670
165479
178228
216049
183557
315945
443784
311705
256611
171894
167184
176586
218269
152278
106422
120030
256761
225341
226305
129538
145217
101839
143693
146063
100525
176732
202671
165396
213791
102993
254291
433742
343124
149649
267631
281602
296717
173515
219757
151399
132710
114720
126789
150984
132507
96127
184551
158416
109242
79992
88600
81479
73168
208094
193155
149911
171465
191585
182878
140152
124940
75161
132906
96611
124140
122177
215149
157825
180318
125015
83069
30626
61689
52363
35472
57942
149039
166630
117907
255567
165131
148445
202072
162264
241040
295124
178977
206832
570115
271044
297900
369984
233817
275265
178211
179142
297688
307371
300192
354521
255416
126379
242676
94132
90906
94480
124987
140117
106287
202472
119291
190889
155285
140800
99438
77946
93271
66911
109550
81761
127018
202747
175800
319529
263853
170045
179547
196407
151605
140299
110109
208208
239616
175560
170383
110732
63601
101535
161633
305531
514863
375825
134007
116161
312285
209150
179615
363402
304151
336063
754180
305116
301689
245975
282903
284681
179091
230673
154132
218448
184979
420230
339960
246837
297054
131105
166156
235904
199510
217394
166102
227121
206564
118197
246217
103496
184041
109342
159752
130273
116483
163237
126169
163203
224186
168266
75026
89432
113329
142599
87047
76660
90565
88582
126930
88028
113975
53690
186721
151158
248907
97063
112330
143465
125878
89161
106759
123895
118695
120414
156071
147068
173132
169681
