247598
110708
110769
140718
100588
90672
105275
169619
147260
115736
73931
90851
122283
158506
162138
128182
101334
78787
139400
135892
103280
115967
99240
76726
82625
69872
59907
54932
96957
71267
67593
42272
181947
237593
173539
127477
150621
173001
130760
128992
106599
105941
112872
108158
116978
101723
104285
129533
129508
109942
86520
129567
77731
110393
86905
60552
82071
114929
100001
189963
112269
83635
157851
111122
104506
111281
91063
129804
127845
118600
170640
102126
73718
78546
69737
174740
105757
109045
88957
113966
90272
88131
97855
44685
75651
105302
87673
67651
128220
90107
83956
67705
84102
62182
71781
66020
99506
95569
129500
64719
63650
45835
22250
43691
52333
50635
52158
79532
371532
408499
183601
109999
118196
195609
180000
100236
259800
530102
294791
290942
280251
239898
332824
241092
214177
154046
163475
221096
275466
587822
533089
202713
245552
199882
217387
741993
541555
248394
206067
154972
273533
278482
223119
227992
265469
132919
138137
135342
111313
121334
75785
145924
139066
85997
89896
98968
113785
155580
107768
165815
86342
282254
179188
148279
171030
101267
91976
86540
95840
100987
100263
84862
78268
113098
52932
102973
93560
152784
117214
103690
93878
141006
110295
118437
91479
107431
102511
114647
124901
118947
145954
145653
208603
342806
210200
127017
104519
110886
161086
135972
150655
140382
268547
177706
140916
290245
139662
145503
108904
130607
134761
137564
118689
113417
132317
114708
116769
61207
83738
94250
73967
100241
129644
75153
154724
121291
78246
194558
125338
127945
177844
94083
69742
107444
100634
86084
60146
53579
78019
61711
65945
121305
50051
88299
72711
64039
72466
61611
74630
72565
100165
69545
77194
77398
102241
159648
