44991
63512
76414
37203
40618
22852
27548
31496
22669
35756
25444
24509
27528
40261
71715
45222
35309
27278
27227
31552
20599
24869
24964
83884
40186
36849
21328
17879
8762
17925
27396
30753
21895
17789
25452
26104
42285
47749
50094
27419
23011
26382
16055
27383
29252
19700
15713
6881
21459
13009
9414
12932
35454
24095
33659
27333
27163
16228
24032
28124
22680
30176
41344
34040
36637
37618
19856
24149
23336
28185
26030
29919
38820
16551
33929
61140
47112
32000
26364
18653
20917
15196
16550
24822
32554
21363
14742
25292
111327
53584
38580
26486
36157
39242
52477
19418
37742
35855
32425
39193
22423
25649
27742
22579
27100
22689
29551
33852
62777
39718
20171
27509
25160
255721
45232
58696
67877
43273
61284
40678
35397
57322
57804
47104
65440
55783
47931
93423
206501
78537
99007
71188
56991
48746
66747
81077
144525
83444
138366
77210
70071
63231
108600
80601
101905
105836
95676
109478
80900
57451
111613
74974
51360
67307
54668
91103
81039
43975
64948
77688
54672
45501
35179
39922
31931
30879
18392
27114
32618
37613
47564
53141
40273
25750
76894
53218
54701
25827
45337
73953
55175
30600
47337
24692
53435
84396
53554
62056
43123
39515
30132
52658
29106
34957
26071
35957
50289
39544
31379
31116
37264
41897
69258
61192
34532
32800
20968
47920
42073
67756
19877
97256
71821
88758
79421
102227
82844
115895
104161
103065
73794
45053
80990
66339
95006
100559
235554
197448
189443
175503
86503
89363
93694
106061
80009
76076
62382
124207
108443
97027
57172
91927
58668
52965
61167
45899
63525
98168
69275
53385
59480
48504
