71821
88758
79421
102227
82844
115895
104161
103065
73794
45053
80990
66339
95006
100559
235554
197448
189443
175503
86503
89363
93694
106061
80009
76076
62382
124207
108443
97027
57172
91927
58668
52965
61167
45899
63525
98168
69275
53385
59480
48504
112725
107409
71398
61957
113301
113996
162334
76410
100267
55384
59553
44578
83628
81727
60590
78018
70511
50031
56810
54019
40481
33044
78094
72161
75265
95969
154815
93651
351675
138585
99354
87990
98875
82264
63003
40820
69188
57727
40018
44462
20515
27182
29078
31609
52564
62637
59961
61655
69261
56369
56713
98493
78262
58030
78750
81368
76834
93683
91540
61712
62219
75914
61527
73529
44938
55602
59768
134648
121278
64870
100049
34290
50176
47728
44219
44244
51909
45003
34010
42555
43637
49462
80498
56299
67643
56045
43682
55336
30825
41335
34047
30145
28743
35701
50460
48930
57848
53609
37629
54774
41294
47686
56361
44287
52458
68979
59606
62184
53867
64648
50315
55087
46791
52687
62275
72156
111209
104977
98067
74716
55205
45594
46927
58391
53308
59651
64467
58666
76137
51995
124367
97786
102925
85750
56629
62682
79471
77143
67033
70384
91011
86317
44265
63204
78059
58322
52655
65377
54035
38835
93127
77085
81843
70961
52554
50082
62203
42745
48893
63135
76830
54674
69027
76035
87040
76515
41375
68820
74324
63493
56868
76029
78116
75733
47622
36944
66497
45544
44819
72586
50062
56804
64170
79032
67764
45346
67860
65455
45121
57432
56890
54039
46732
46496
50358
31012
41353
57142
67402
48332
38968
48994
45506
29461
31483
27935
42491
43772
25477
35133
31677
55903
29127
32660
33982
54666
