67656
56929
46448
52614
49079
51710
51984
27169
28305
37860
47292
26906
31513
27746
45218
48188
51475
52344
40226
38225
51613
52461
38545
46903
65338
41598
43915
36294
41434
39011
30980
27118
33089
33033
43786
30841
25984
37255
35631
30296
27752
28015
17800
16394
31985
28939
20397
29310
17531
11051
49739
61474
48199
90087
89269
43897
35558
33394
23205
17980
24104
30375
27622
20386
34357
25552
17863
13639
7459
18080
19283
11892
17343
28269
21361
23793
23118
23795
19613
30021
39773
58681
67215
43744
46058
38523
79912
40212
38433
45575
86765
105195
69848
52457
61578
58911
59020
32997
35398
23548
41733
44935
43362
33278
31799
36991
28492
52289
53157
44405
33116
36531
30166
23718
20375
25795
20009
31265
27336
27891
39704
72961
47182
42092
36980
39414
33517
68794
53602
42072
40178
26515
22969
42000
54640
35749
21320
34202
37136
22945
21093
29724
40712
27286
49718
46176
30928
29545
57071
23284
23093
35308
38398
44958
73780
47013
73276
48829
65725
55114
35709
36693
30086
30530
44582
48084
33764
35291
59370
45416
30192
39370
35772
25559
28242
35211
45519
49941
75406
83732
40638
37023
41069
38908
53396
58119
32335
44634
74244
48551
26994
35734
53808
36647
72598
39193
82174
31697
39353
39829
55421
57731
44204
73553
81194
60535
54322
37309
46440
51461
45392
30343
30842
35780
24467
39612
52472
27960
27134
27795
23011
28802
19447
45803
50424
37871
31265
30422
32277
24682
23942
20966
18421
23495
15847
16956
23037
26810
26395
16547
19548
22560
22577
19951
27903
31435
40458
31470
31072
19437
18599
34442
23709
20575
17756
24892
