48284
33558
30764
34653
31920
22496
33041
13530
16529
18100
23383
20631
26123
17418
30110
34030
65231
56241
29314
30609
31355
29600
21556
31037
19675
25623
18180
25589
28598
26307
33309
16534
17526
28137
18733
18825
11673
23369
21067
21673
19572
24626
27713
22074
36421
25298
28067
18103
20096
19728
25001
35511
18901
16637
15898
6561
9510
12356
10439
12125
15674
23641
23524
31129
29429
28700
24515
18256
19360
35381
32092
26690
33853
41888
29486
39958
37957
42268
36595
32798
31778
33360
25151
30781
27272
22778
25168
22527
26225
27820
25825
22392
21285
24056
31103
29652
25741
26625
31038
64227
25958
31155
29823
26922
21453
37639
30137
36899
25050
43442
28970
29465
37146
47735
32251
19523
32144
25981
20520
16042
20354
32409
23326
23700
28450
23587
18699
24204
24363
26191
24556
27484
33045
31397
27971
34112
42865
38468
38051
28179
24131
29758
24830
42558
32735
65508
86493
65337
32224
35180
23383
27506
29744
35715
42210
59075
45827
27171
44677
31163
23417
30155
47011
31020
25049
62711
41995
37650
29559
28894
22950
25364
24212
26049
23923
25541
21106
25119
23525
33604
43796
23399
38290
32374
35895
20976
38688
30598
25190
20704
20065
17990
21043
21445
27475
27119
31732
28712
27042
29976
19757
31927
22891
24333
28780
28932
25997
22384
21729
20238
23287
28248
27963
33583
22438
25845
31391
23522
19854
15971
15713
26175
25152
16898
47274
54053
22157
21792
25980
15894
41499
22432
22439
28342
36215
103121
45559
425661
56364
44352
37243
45639
29772
29744
24820
66499
42753
45335
27693
34200
61762
41049
27353
31154
32608
25451
