35292
20737
34702
27589
27915
24246
30282
22889
14722
14455
23380
28494
32766
25983
22277
16590
14324
16270
23961
25807
88252
108723
107140
67959
69423
68580
106607
122773
204120
112899
75592
79066
107725
170652
165834
138627
130574
136792
620869
123560
97133
104176
121419
108687
75967
86605
141378
140354
125846
75272
95548
103806
90151
59141
80071
59698
80404
121214
110453
103299
134297
82558
81804
108549
107838
73675
80085
81581
53401
96155
80699
71524
75713
116788
81198
56719
76265
90771
103493
92711
77990
66915
78376
94424
76799
68001
101217
124636
83526
91453
97475
153776
152177
83350
76498
98024
127363
188688
73080
60558
54697
29070
38397
47755
48125
54244
69352
115865
96327
66172
143587
143217
116348
75788
61962
137314
73076
94066
137003
117758
84265
77575
102073
104539
110745
72680
84443
79497
106721
146439
83626
157479
93587
131635
123204
96696
85322
86339
94723
67437
74177
72370
318329
315483
197253
122530
132875
144926
121192
94582
115356
107890
145773
111676
119369
111438
130371
117487
218053
90636
95413
85265
83193
81383
69267
68157
114610
71733
95960
88020
120303
97333
103208
84652
75289
69325
101754
175396
132357
162583
96315
101496
108379
89459
138001
123781
87187
96747
80617
116413
118354
239583
217678
176558
115836
120026
96605
129340
86978
102187
105598
146473
171169
84157
143468
163071
113318
117886
121373
93710
117821
119713
100888
112148
88309
93949
74805
68281
81862
83923
103721
142038
91742
104024
103589
87006
289847
117626
117526
109668
130154
81355
91690
117400
107812
64740
53852
68531
61962
74850
97818
56836
97695
181819
103460
80886
66528
89527
64773
91601
83534
160456
77187
59871
75498
90453
