442271
260247
229119
151746
186196
125214
126735
112965
104616
90544
166669
135219
125074
104473
94800
93424
76931
105969
120590
122935
110981
90471
200516
179038
115715
96650
108108
100699
69085
58522
70761
72062
47988
56801
55124
90354
39238
50432
34781
59397
48075
53310
63551
67870
41225
49586
50604
20918
64656
59321
84776
79893
123930
99230
770825
273797
138414
117032
126320
128881
167112
112563
145568
99884
47750
49725
18868
42126
55838
34658
68580
63593
99519
125669
105666
104890
74780
109356
87738
65249
82651
85159
121177
147827
144769
95038
72203
77804
56210
70613
62591
70236
67792
105504
79009
62252
50717
46273
54999
45790
42137
67748
61077
51478
47151
68532
48418
130875
85808
67616
93334
116814
42448
56394
127375
212029
94938
111659
105175
45402
49841
57526
66384
148600
118713
77878
87873
61457
52671
49116
61444
74414
75083
53966
55176
93677
83052
56460
69687
55439
92053
101036
164073
74300
71510
45484
79036
60809
62033
82700
50105
114573
106517
77483
98186
100211
104433
159227
75237
63642
83506
100448
82853
111660
94058
75801
98346
128560
119957
174313
211305
160610
140588
78284
68709
71667
84758
50621
127146
104900
74822
82722
62398
109170
88165
191425
125774
90649
115896
80759
96737
135816
72143
119976
101910
131740
64732
109960
92486
53945
49219
53345
100813
69261
82975
70683
77817
106082
106584
147495
104531
72191
63508
51978
63460
42147
105508
60544
57238
65627
98415
51087
69079
49169
49448
47223
43877
37666
65198
39411
26987
28483
50609
29331
25597
28441
26046
50161
49502
52509
31763
53795
51204
39679
45621
43212
45472
45291
35293
49738
53106
47692
