50609
29331
25597
28441
26046
50161
49502
52509
31763
53795
51204
39679
45621
43212
45472
45291
35293
49738
53106
47692
39542
39646
21176
45100
64949
44916
38711
43978
41124
43827
72064
42142
35268
31575
35558
28368
30276
22448
25726
44855
59251
29055
36024
46231
35389
116497
30569
39133
33477
81117
64870
32732
36251
47203
31875
29481
36852
34940
34602
48102
23996
58802
49821
36963
69796
50038
41618
25170
23403
50962
32640
31218
35797
29043
28445
41697
36427
29539
17814
7556
23598
21227
14156
16129
32398
25395
32077
83302
34380
24744
53140
34963
38079
41427
74466
37996
51781
53909
36758
38791
39536
53963
38705
29570
39790
46692
69021
62027
44727
45496
32534
37653
29765
26099
22024
27210
25282
29832
29239
45044
102994
32697
26325
40716
31115
56480
36516
22487
23122
59126
45346
24840
29227
39551
38072
21950
47871
31449
23981
27346
30346
33437
20662
24286
44541
21427
48621
37271
39206
76715
32078
35282
43120
37914
42720
35824
26034
36498
36222
49599
32926
34611
34879
32314
25934
37437
36214
43002
37176
55428
65254
48388
38184
36625
130961
50066
41614
38566
39826
49636
62039
35731
59403
53415
65826
46599
50731
53695
57720
50009
35204
43424
45886
41973
40910
45224
74427
54220
35684
33638
42308
40966
27895
40670
46077
27834
47248
52258
55000
34302
41643
33659
113512
43351
45101
47257
37292
42437
32201
52937
64371
47235
34116
32182
44624
34541
26545
42953
38074
52321
52122
43070
90085
45526
36635
40528
38806
151191
59645
48988
43491
52156
49302
23615
20621
27571
20898
15406
14666
14916
29773
27323
19379
18304
17394
21340
