17960
16238
18188
23133
29182
31743
27765
23393
28518
28790
18103
15536
18421
23980
32445
22737
20192
16480
13996
19983
16091
12395
14453
17792
21314
20269
9468
11787
15648
21588
21428
21347
23861
29183
21441
13032
17308
16324
14001
23855
19658
18310
15273
18138
23215
19545
14365
19776
9976
11714
23386
15304
13727
17919
26786
17681
22054
16385
13030
15077
19645
18661
20581
16060
31158
19473
14238
11712
5897
8244
9962
7507
9387
22108
19755
13242
19793
11593
13905
15653
15660
12795
16785
20782
20158
25034
28843
17548
18086
23654
17550
25947
17400
16257
9824
29791
30974
25130
20608
21855
20993
32471
21517
15239
12919
14238
11606
20032
17559
18713
19613
16006
12600
15629
23479
22782
15107
16452
26006
13666
17655
21104
16068
21637
22995
33689
16761
12507
16361
16384
20755
21949
17297
29894
19042
18064
15209
22367
18485
20326
10865
13230
16786
13404
35199
19794
13050
17383
26546
19028
23082
31840
44625
26163
27634
26747
31075
26449
60276
58228
41262
26451
20607
19441
33385
42560
39965
32990
52977
52090
27752
42142
47530
34970
44435
53204
38656
30265
44598
44372
58501
38158
29537
27331
36577
23094
27278
26524
21495
16797
46460
30479
38235
43249
26566
64898
52972
66120
47885
49111
43550
25551
20541
32597
25731
23683
26872
37753
23767
29333
34301
31992
22630
26046
25228
22018
29195
24514
35633
23892
25646
19614
22245
15663
30109
25484
21003
16168
16572
19313
26108
20881
11966
13918
12798
21416
20668
12496
13138
26865
16393
21172
8140
10305
14896
15759
11277
15094
19825
25764
35912
25319
19359
28777
20432
17828
