16362
19169
21543
20743
13070
18349
28470
11802
14120
5976
12032
14444
13277
13875
13022
8357
16143
13742
32428
60738
29029
21722
31054
16216
12549
18880
18223
16403
26909
20746
19417
15854
14343
11919
13153
15360
13012
11610
6625
13823
22798
13824
11510
12981
8206
9454
9367
16312
21939
17058
8671
12341
8628
24583
10431
8150
5119
1793
6457
10035
9737
11711
12413
22420
12583
14177
7524
11712
14698
11716
6928
24235
9456
14441
20317
12093
13979
10005
11017
12193
44886
29380
30134
15578
22236
18350
33647
12128
8116
10652
12980
13429
9632
5882
13043
5778
12181
12169
20485
22704
11417
15545
13438
19243
15846
18398
16600
25044
18856
14035
13813
20199
14211
12973
28290
21669
13887
11061
17371
12659
14280
15342
13897
11862
15896
17389
14817
9406
8435
12660
14932
14265
9740
18272
14932
11332
25797
46570
23232
23408
29537
34698
28354
28435
18462
17601
17830
30268
34808
21691
18599
11214
14234
18498
16034
14729
15746
29614
18220
14750
18198
18605
13705
12312
21047
12831
13700
23520
46879
22301
18403
13840
11202
11036
10121
14006
23577
16980
15851
18181
15485
17027
24199
14631
32903
23129
24970
15221
17283
22196
11988
8993
11496
10193
10379
17136
12484
9683
13753
17780
19120
20334
15633
15353
13254
11163
11596
9180
8803
7758
6662
11655
8582
13834
11080
9446
9786
10575
9262
12179
11108
65023
75005
80614
106601
87918
66753
76039
78669
57685
54072
44403
82336
49326
46506
33348
60201
67083
73966
82601
87593
52681
59925
86562
55855
41807
52338
65771
92195
73118
65413
61018
63236
101274
56642
36479
