97508
68924
37639
38281
35916
43392
38201
71922
71407
62268
57693
78426
65429
73797
49298
46308
72133
38930
34023
41915
42341
32972
47396
49796
45669
73288
32907
21390
49704
48822
35881
66781
48091
54878
49242
35877
35257
37816
36700
54156
50575
32522
51146
52474
65944
56881
5173
27128
24251
19870
16006
44941
62054
63658
287093
86419
64103
73824
51841
49907
56399
47991
55346
45613
63574
49823
41133
62728
82821
70651
46410
104194
43117
58137
86387
89910
53248
40272
127141
104870
54479
57490
52849
61527
57892
83420
131269
71723
57904
38955
34024
38795
41599
40411
44979
40098
54075
58360
43507
62299
73076
43276
25755
54623
45653
96031
154375
92000
102890
64590
63329
77402
58329
53232
48119
62149
53951
40217
61737
47793
135672
55295
69370
56232
53062
62821
94741
171003
127023
135892
67539
85390
67989
49431
83814
52045
74623
93859
95766
66795
74180
70720
53682
95292
96161
111903
100793
73469
53537
78380
63421
58128
37537
71124
64282
57590
73805
55015
68113
46510
116868
51828
48431
50462
52592
48270
46796
63349
60919
103989
155769
99665
54842
72757
50490
85767
41806
44946
47446
75036
50345
55651
51016
65317
58355
40213
40099
56861
42861
59722
54731
66216
37232
39640
39367
31164
35591
33285
41302
25899
38753
29586
69354
45463
69170
28181
32026
39184
42269
47545
8323
4947
7440
11149
5782
8068
8559
17754
12592
19572
7411
17322
8742
9333
9942
12564
42448
56997
21282
20912
69233
14677
11964
11856
12645
22474
16495
13662
12928
10742
9524
8951
7160
7631
5014
8327
18647
7276
12616
17564
15903
15063
20602
9022
12483
12651
