15574
8806
9360
9448
7282
5661
4935
5833
7988
7936
4100
6272
5652
4196
4213
3939
3594
7146
10084
6768
5898
4670
5424
5453
7121
6804
6475
8727
7659
9006
6572
10143
4974
9532
4021
2267
4230
4846
5506
4987
8833
8645
19809
15548
7610
8430
11187
10332
13391
7794
8829
16719
8412
22114
24482
11901
14788
11463
15845
10405
12734
5394
13810
10149
6319
14158
17300
15822
10803
8482
10216
11493
9382
5890
11228
6992
11358
7118
8344
6566
20388
9627
14610
10666
5824
7497
11196
6766
11309
7020
10240
6751
11779
11156
14585
11607
10707
10623
5880
5425
8607
9554
7167
12931
10524
9140
7677
5789
7101
6167
14482
10272
40025
11867
32215
11737
12147
11106
14872
18103
9385
15896
11476
16121
10126
17714
15589
12832
12507
13661
17746
14995
9903
13614
18489
27368
21739
12998
12799
9427
11737
8548
6609
9309
10575
8443
8912
9886
10693
8151
11601
9990
10713
10403
7117
13738
10141
7404
9446
7220
11814
6145
16287
11562
13091
12136
11017
8217
7127
10573
7344
8185
6803
5453
7557
5876
11787
34178
41583
15017
10527
23198
6724
11346
15045
8241
8787
6942
6944
9352
7887
10188
8664
6363
5100
4080
7319
6513
13651
12908
9469
15330
11298
10735
13026
19930
25071
29766
15119
12195
16087
16965
26316
23318
31514
14927
17413
18022
18339
14113
22051
15570
15196
22094
33980
23996
23645
18516
22351
24351
15975
16856
11188
10680
17126
23960
25820
17696
16111
17301
14178
26364
13812
21570
70975
27565
21831
14009
12353
29333
16721
8043
9868
15081
6775
12166
