12952
12621
7743
14067
9401
5068
11223
12034
20631
11697
9855
8321
7402
15109
15000
8244
13661
17047
11240
9906
20804
7403
7420
8607
2244
7847
6543
7442
7841
11894
18863
20206
32380
23875
13436
40116
18743
13775
28874
26970
51045
26065
24483
25020
29561
23332
45119
33524
24905
17359
20508
23905
27087
16689
16002
35676
14952
16526
16127
15553
19894
19753
35005
19934
19167
23321
17014
22197
17528
11553
15813
15982
10431
9448
26144
19530
11243
11813
13880
9684
11277
19609
11506
16016
10579
12601
16527
10725
13466
20697
17306
11229
11621
13929
14627
11011
15080
17667
18993
30247
30131
13934
20327
17577
12751
21113
15283
23793
52740
45189
27473
17130
19237
16168
21513
28306
18506
19537
13587
22696
12735
13431
12784
40799
27119
45256
18741
23592
23142
26635
21300
17975
26703
13305
22301
17620
20713
21158
17085
12252
13625
15515
12387
9627
17957
13114
17810
14097
13198
19547
6804
14531
29033
39863
19370
17551
38791
34257
14335
9961
25092
27010
16498
18687
17413
17833
13678
29168
25906
44207
34238
91698
38687
36764
36666
20596
23086
19709
15502
19536
26306
25805
24257
22042
30474
22159
27250
9897
4967
7239
8445
9560
8076
9104
16021
13119
11357
7149
12400
9053
7455
7720
9777
8175
14613
14810
7089
7391
9576
15750
8460
8923
10581
10271
11563
11923
5558
8749
7510
34826
10452
11260
8134
6148
12327
7945
8299
9241
8920
9776
10823
12534
16191
13642
8674
8628
14741
7664
7864
5777
5712
7704
5815
7064
6620
7450
7621
9904
6699
3483
8416
12165
5315
8694
12602
16247
