12434
14624
8447
12830
15776
16997
9594
8318
11379
8491
5976
5234
1334
7105
7801
9315
8464
8988
11300
11737
7637
7511
5931
7915
6108
7133
10783
8092
8456
7669
8347
4034
8798
7539
6961
7242
6182
14940
8121
9342
10481
7924
9058
8274
6983
8553
13803
9086
7425
12779
12487
12283
12098
9482
8308
10921
9842
7530
7658
8370
7509
11122
8476
6334
4853
6466
8501
9774
5435
10846
9628
9898
9857
13801
10244
9069
7525
11861
7665
6268
8289
9510
7482
7428
7589
8229
7196
9092
8413
5757
7904
8753
12315
9340
8329
10433
10003
6232
7821
7353
9249
8848
14115
17741
13276
7980
7319
8587
8219
8159
8240
10376
14741
16174
7152
15421
9570
9726
9502
9505
14246
8684
14558
13247
9793
9053
20797
9976
9176
10541
6402
6359
12070
8908
12387
13579
19779
16844
10211
17963
18176
17566
10497
8821
15513
12399
7476
9171
10809
12695
10781
9924
10040
11938
11228
7671
9369
7566
23360
19458
17454
14669
11150
9202
7801
5937
6270
7270
9599
10786
10922
11288
5448
6805
8783
10120
31655
24288
29251
28778
35423
26857
35837
42078
32448
46696
36514
34750
38514
44064
33402
28129
35574
35276
34883
35626
28007
61627
63016
56658
33981
31980
45310
51966
55824
55364
38137
27965
43122
41287
68269
63473
112092
50031
43586
39062
37622
35349
60454
37862
43695
37680
36764
34387
24240
39685
30082
32006
25405
34867
16363
18249
40104
39220
31740
32226
14349
17088
26990
28934
25152
28644
36522
26540
39444
39579
18290
20715
24016
27474
55445
53615
47759
27771
29829
23387
