9152
22912
16313
13882
20711
28875
34492
40562
29675
31489
44995
56547
98837
49764
78946
41296
50421
48303
64326
37192
36531
52402
64391
79390
55063
51760
29422
49346
57025
40504
41843
33057
43954
49898
42051
39214
42120
37929
26316
52620
29942
46631
28504
41545
25760
36052
46178
37016
23308
38103
61734
39264
29439
24886
59181
55780
24368
39643
27673
39308
41248
51288
40866
36229
29392
39182
30293
24684
26187
38071
37693
33462
35891
50521
109873
72673
83290
54883
36700
60482
46785
37771
33811
50394
49316
30889
48036
25910
59064
58079
82907
98361
56236
48555
39854
42349
49824
46050
45621
52574
65554
68606
35248
59210
41218
49261
34101
30452
41273
35119
39732
101744
50331
32044
35107
32719
61524
44022
33068
27978
30297
36557
49621
45074
35430
29097
54029
48532
51583
57814
53743
63697
43594
43655
35358
47228
45567
40435
37067
33223
67369
75122
69405
54117
40653
35611
51148
39341
42824
42100
37261
42965
27285
48601
36573
46942
43277
43278
27290
27886
37478
40565
43691
57282
56029
53690
53926
62004
86599
58190
70850
71421
58379
41596
61953
59423
72816
84767
74769
61284
70675
93118
46081
67373
64284
69378
63116
56004
92770
65789
66392
57589
50528
48289
54581
50076
54426
42337
53768
67735
68883
67474
95154
121173
178433
100378
78674
80063
66373
78992
48522
90272
58190
60438
61641
52265
50195
73711
47806
57441
70717
73207
51291
80281
51134
30404
66806
67621
66193
63623
50010
56773
71809
65494
219284
125598
65389
60723
72726
53185
98392
63559
52311
55782
14104
31039
36295
34575
48213
60670
75173
76615
59970
56245
47969
47007
