53208
64172
65195
177957
88511
110225
72476
64993
71283
70096
94243
92818
67715
65734
54934
89144
86984
83010
102615
94258
63519
87063
72814
57083
41587
54763
58549
55478
44261
61115
48500
57146
63163
53175
58152
59953
56729
48057
50637
66770
72455
64465
66358
61555
57335
96412
66915
65158
54506
58531
81991
69548
72398
93621
62484
81963
70336
95541
61056
45871
52564
57888
76801
56295
79906
116001
77893
113469
103917
103988
64195
70024
69682
62566
69376
52340
70111
67143
123567
236826
134610
69873
66976
56177
76912
55270
66957
93992
121605
90194
48742
100800
127150
61106
83894
58532
55094
51080
68325
96500
76008
65123
72179
56017
60531
63735
75351
64941
85070
53749
52563
56257
168674
127110
82892
88547
77460
171325
68881
193584
67594
75112
53671
43616
75242
115707
73817
76374
49512
69260
68125
88879
63281
46731
118404
104205
72699
76627
69971
59534
66253
36204
47119
56645
112216
96760
74039
130555
52192
149765
105783
91881
21171
12272
16306
16259
12998
13656
19245
29764
24648
17268
8159
19917
22110
16448
27404
37770
43658
25295
21972
17537
35487
19255
26278
38923
20449
32497
46424
36089
17280
19800
17096
14481
18175
14530
15938
15525
38918
21294
21350
20772
17254
28758
47958
39621
46767
28956
23271
26847
16956
22461
13198
21971
28144
23484
16704
10841
19531
21029
18805
22919
20821
12893
9354
25060
27174
22909
20360
25903
23827
11489
26990
41454
32205
16687
23476
29919
25570
21947
13107
30133
12927
4522
12221
16494
12774
22079
26548
21047
18936
20768
17924
28832
27766
17823
20926
18377
16472
35023
88740
63871
27936
27337
41768
27691
