29356
19347
18816
14952
39178
29719
27535
22681
46329
31156
19642
19841
19855
19864
25007
16999
22653
27540
23834
23544
12832
17413
32307
48042
28569
13489
17482
22290
15033
19439
25781
13608
28496
20644
21013
15849
23553
16919
12220
11912
14223
8863
22040
58890
29923
23436
27236
16404
10528
14512
27267
32270
20724
33886
19498
13837
10826
15308
13032
22006
33236
19597
28658
36045
18362
25193
18880
32344
39550
27951
85189
36494
36449
36316
46453
32486
33728
28745
51477
50044
53961
33556
35449
31174
33121
46097
43006
57645
43978
45940
25240
30053
25911
30192
23942
17802
29265
21098
25557
27198
24949
21693
23258
17698
40000
29421
40311
23101
21924
31850
34572
21629
16044
23486
20314
24849
49598
49145
72652
44365
41970
35439
36361
55626
28321
25427
18677
20482
18566
20028
13742
21366
15927
26289
41484
31751
23927
22320
19946
23618
20868
34655
40851
53641
42007
39746
33941
23596
55583
42882
39318
23058
72300
48903
60506
28213
31513
36858
74503
55483
25336
25687
44994
33310
37928
24601
26050
42097
32589
36348
42539
27719
56520
66816
53093
46485
25209
30174
19416
31321
36582
127465
110122
71270
53155
47332
54335
54655
38354
34420
31879
27890
24299
36183
31050
28589
20964
27672
25054
28441
22490
26924
30506
12848
29299
28642
30133
17300
29556
21401
14010
54753
32150
28444
31939
25454
23623
46100
32709
25584
19478
22109
8287
16719
23038
16737
14139
24082
23564
52084
70383
36293
19734
21189
22450
19544
20418
37654
31281
23043
20720
25591
28350
30547
35423
32498
27842
29955
26475
49927
50296
43080
36977
27985
34324
24784
