25313
20600
26873
28009
30290
29000
23792
20478
26359
24365
27278
19588
18499
31944
24400
25537
23079
31154
20085
26308
40874
25874
29230
40316
30126
33277
20924
15318
16747
13433
15468
22605
18563
11516
22288
16152
13230
10770
11378
12732
18557
14511
25961
22643
22758
23722
27043
13328
15502
28925
17588
15343
15554
14851
24160
20624
36656
41083
26593
24212
24338
21816
24170
25995
30076
25728
35193
59042
25118
42581
35491
24886
19078
18064
25510
17978
22828
24698
23015
22561
21003
14557
23111
21669
12087
18266
26065
21476
18941
22340
17281
30915
16025
31072
26595
23323
14998
18103
21675
20653
19967
15512
19587
24422
21532
19602
13700
29112
31141
31050
28873
31818
33579
17632
19196
26872
17787
18296
26274
27068
13235
9793
21337
26611
21646
20962
33789
36253
31127
24678
89891
81601
75939
44804
46750
44553
38372
76484
59785
39523
32285
42896
52909
46862
36613
45618
71291
50179
58753
39801
55608
56883
49508
41023
43816
63038
54810
68350
64022
65929
73011
38185
58312
34285
43433
58340
44929
49378
46232
39983
41196
42716
50789
40253
62818
59932
98362
81972
47498
43092
42293
40784
51853
42297
47774
36187
39416
42653
35211
31600
27440
22162
24994
43988
52866
53737
57734
60914
39446
37844
34793
32565
39788
37742
45702
44814
69050
51622
37338
43309
36868
10552
18683
22720
21624
25909
38113
48391
45199
57138
34789
32330
59800
41434
49016
39403
38023
26640
59780
72367
32537
44136
37781
44695
43262
34445
60305
40347
71426
70997
50345
105336
33401
38911
38573
38975
33094
44586
48736
34422
51133
33452
50876
30865
26296
55373
