33960
30897
31317
27791
23659
32292
18627
26959
54726
37562
99511
45120
38217
35575
27093
30614
46152
47065
37218
21378
39014
35554
40933
30976
47672
35142
27653
31390
26925
36190
28529
56088
51511
29424
26422
40084
42469
38810
46958
42613
61056
34259
35279
47532
70585
72136
74730
51987
44866
29889
33611
41056
36141
71445
84076
74148
121677
72936
76576
49664
38207
36198
56755
47811
39802
54191
41334
55478
37505
40147
27512
87502
179853
51498
36713
28205
40425
65931
58517
53342
56902
47064
63970
50579
64324
41356
42935
38053
30827
25246
27149
45218
84110
66865
64684
68798
54487
70377
56693
51056
55952
38600
53249
96393
65445
52237
53690
38885
40964
42656
31922
43696
76351
46204
34172
37307
46683
47131
35021
11597
25859
15276
12423
16133
19842
26921
16855
13507
18518
9095
16800
13038
19528
13411
41646
26644
14278
37994
25681
12087
18396
9551
9591
5533
9573
10703
10537
16993
17407
47227
17393
11258
9781
9300
29700
15020
19071
26454
11890
32438
19965
19497
25171
51030
55798
18470
12864
19533
36615
9628
9754
14970
24496
30294
10497
32864
15400
30653
18133
12339
6488
14876
13212
10008
12291
24052
19379
12860
15624
8594
12044
13754
15115
20363
17142
26135
12866
10696
17485
4526
5532
7850
6471
10011
10151
18383
16005
20987
14793
6937
21151
10386
15422
14151
13260
20263
20663
16799
28616
18376
8485
8148
6150
5597
19385
12013
15027
18092
17577
21646
6735
14447
13163
9916
22723
7837
10507
13520
11038
10431
24173
25793
29518
17820
11926
16526
29818
17820
17526
11337
19102
10164
11956
16189
16238
8070
