21392
16181
8740
9340
10131
11243
23553
11450
23019
12862
14825
24074
10502
10474
9042
7500
7099
13072
10176
14085
9100
8281
10804
6508
8832
48122
15278
15607
11620
9029
12459
16670
15990
23697
31914
19966
19977
11663
8607
21750
24975
15649
23976
16057
27157
22759
18547
22009
19927
14684
14839
21123
14349
12223
21995
14186
19399
13613
15094
16621
13062
8235
8160
10389
10974
16366
10248
19222
46626
19893
15342
17712
13062
13402
10134
22193
16921
19099
11971
28750
12796
28931
14072
12700
10033
13974
17199
9195
8882
7298
9303
7649
12893
10062
11599
16631
12514
11974
16155
13480
11776
21623
10376
10468
11620
8774
13500
184627
137802
352830
171468
128327
105678
86107
150169
105833
92932
88206
104320
98820
106763
81440
172139
124797
136223
136417
130447
239274
236970
163536
141749
82428
87337
124045
175321
193675
155984
187923
151452
157403
170892
100924
180723
177178
116668
114055
113917
107590
285406
187103
176312
169220
214237
178375
123283
271746
146028
154448
190210
173455
175942
258075
157448
134882
132002
125947
162359
134093
77008
58068
106751
172405
111297
117532
132398
93028
121118
114425
116445
190774
186173
132169
152140
136476
181932
75581
174028
143837
33385
56922
45030
46352
51327
96168
144283
124481
165722
86693
79755
102485
105199
106434
128625
96198
152212
136398
122371
132662
137606
141361
152617
219352
124542
162443
388156
184355
151471
123530
165628
96385
127082
112568
89929
117734
85710
188889
258120
166794
165843
167969
131022
97018
98875
96270
106926
107588
95281
111462
96758
85362
162178
89892
129949
126156
103901
163287
123254
122915
98084
127775
121854
79464
69604
90085
100974
70543
