99981
154007
136802
85995
77624
170795
184190
120215
130367
105437
134576
91958
160849
188391
185364
238127
147239
129254
172711
108108
175343
193112
191643
228698
173087
182277
169674
151065
169360
409817
268361
190597
252955
224264
143037
189290
204926
135375
112739
105366
162842
128687
161402
168147
160352
116867
123065
104957
100970
99645
182355
223206
301223
134612
202842
139783
159024
212729
80098
166783
113430
225985
119216
160622
185841
143875
197086
172376
177748
111204
95841
147780
82188
115111
101414
138123
122497
126023
149932
112100
145010
116941
93576
119300
112620
109540
156744
109914
134298
191072
99409
138054
259945
182105
178239
120403
77193
55204
60206
42306
61521
64552
52538
76044
85101
32580
38915
100094
84444
55652
56156
90916
110743
78234
71154
72996
58321
78412
64011
125164
50806
84808
80427
122493
88933
92468
96440
61889
140711
126626
137981
134262
156742
101231
109994
110598
64299
87070
112487
103364
79343
115031
98602
74509
67337
67158
68937
58131
47453
40730
138971
57724
43437
110680
53060
44806
55644
43284
27090
73631
73159
50662
38240
91471
50174
90223
86862
66288
47554
30317
70626
39186
50401
89933
106236
72016
71226
26447
60300
54032
40642
58815
113356
70197
88475
103382
78159
97474
70465
88099
76501
68870
62071
70312
175344
149158
76226
59256
150246
238843
274536
138848
136474
247991
246978
158904
93117
122833
92763
100043
115181
114943
104414
90537
67257
58947
71619
85068
80537
61629
53798
88641
75261
61063
67927
55922
65903
60436
100486
88272
80656
108139
414836
227092
212452
163351
107654
112689
85746
114966
59076
95324
184788
100379
64031
86318
79271
84608
52998
61589
77096
89497
78399
76088
76515
84719
