53456
77074
61056
112847
136826
114065
180075
120927
114482
135324
118675
144166
155775
122693
134464
117240
81529
108825
103388
109553
173325
159442
123007
85741
158097
105507
99853
99628
74822
104015
59851
83558
123506
152149
106430
154053
63728
125609
125185
71325
62039
46448
61755
75471
51345
57755
56105
71871
79107
94236
111654
56572
72902
101353
88219
50404
42156
64171
109218
75495
58523
87389
72839
65801
59263
80209
78599
93858
95039
396048
256319
180686
155013
152278
130832
100258
115154
161017
149144
144579
80470
102030
111987
118655
60988
81071
38253
48776
31537
32596
35497
46717
53045
41549
59603
46932
43939
38721
53392
48106
52790
50404
46910
39500
56465
71143
104942
93118
89839
42640
31514
45226
39737
59513
84808
101392
50010
59610
36680
48188
40507
61884
38871
43004
32955
43071
71031
45558
55423
77313
128078
76423
47682
28334
26388
19323
46512
51093
50433
46743
34537
52850
48949
45886
34741
76378
43780
21297
47502
63893
48068
80556
57005
39178
33666
32037
38596
25624
24569
26863
26323
26374
38021
21848
39970
30208
6306
12943
17144
19688
13743
39593
90974
68889
75116
56841
66635
45535
31903
33220
31553
48906
51265
69165
54903
34610
80128
51220
45234
35546
30745
55724
63009
86753
79557
63627
52635
37867
26414
51000
30529
35776
22603
28774
55835
74534
70902
175725
69812
49074
41860
32732
40486
28613
34077
42471
48816
27383
30861
24399
87878
67655
34524
34809
48676
35883
36975
48619
37293
39355
68884
62076
49447
46192
43922
67904
77978
51913
55086
58267
80895
61698
61604
56056
32666
32680
38168
34327
34322
46237
55087
52736
66875
53955
61954
49040
