105034
87416
47444
47218
45179
55166
50223
81361
97252
100108
106649
66007
59221
79011
69940
52035
57132
62337
83218
86655
71170
60927
87547
56759
54297
37944
39552
45167
47142
58116
54821
49832
83782
62774
58402
66615
38513
69658
52088
76735
75062
49710
60725
90214
31784
49728
74869
40346
41429
59131
36732
47414
41846
37654
56256
33432
43237
29681
55334
46578
52319
51811
46357
41975
29402
37785
56969
40180
33378
44546
41634
46550
69371
36211
12287
5259
7705
12916
6080
12433
9938
15751
9674
10993
5685
8252
7982
7027
6917
10979
14822
10411
24979
9293
9121
8333
10428
7955
7295
16160
19461
17079
13952
11482
8825
7374
8722
5600
6791
11057
15795
14641
14962
13002
10226
10079
10535
9452
15508
8641
14108
20341
10278
15985
11687
11505
7062
10781
22136
16083
9864
13813
13484
10035
9536
7908
6996
16403
17609
10395
11052
14069
7795
7394
7663
7413
5663
6826
8212
12061
8282
12626
7114
6783
4418
2382
3575
4597
4541
3932
9131
7298
14607
8159
6219
5183
6242
4763
6376
8707
5327
6519
12927
13200
7489
7989
11032
7793
9899
7960
7575
5254
14095
14605
7774
9046
6251
8596
11454
6123
8956
5775
7473
4643
7076
5957
6873
7716
10615
7188
6074
5347
7387
5607
5715
8613
5586
5276
5369
4024
7040
4032
14254
6384
5631
5241
5583
6195
9812
8148
9088
5903
6832
5845
5723
6570
4445
24354
18004
13634
14088
19184
8585
7927
11579
12646
6850
6323
13461
14228
8622
12208
8883
14417
10635
23237
18523
17065
9676
6938
7744
12648
10577
11309
14003
21730
