23792
11936
17547
11649
12614
10011
13388
12980
16773
24739
11684
15909
16559
20150
9409
10738
10625
9253
11019
10397
7233
7246
9942
11195
19648
8503
16339
11293
13246
14266
13377
15257
11480
9576
6454
10157
7182
6872
11710
6348
9093
9274
15581
11212
8329
9146
10394
13397
9566
10894
8053
9761
6912
23463
10365
11193
13011
10187
6419
6499
8263
9042
10188
154478
123734
98427
76200
68050
62431
83882
107096
106512
98796
73107
63234
78901
98151
56877
64139
117443
118916
90687
74454
79294
114312
103256
75465
71403
61159
70258
93705
89530
108557
78161
68827
115872
81135
63576
48023
125026
149515
111410
97161
69570
123194
99321
112305
98479
90428
118892
84119
139423
97860
65528
155724
119386
91656
93933
69684
57978
43629
55499
60660
63423
55362
36841
111705
112161
109636
86000
330192
106690
98429
94478
87282
144576
111429
85226
99201
154786
111576
86265
91197
61706
23245
47892
43695
42104
58053
96251
133550
105238
100550
78949
59871
61627
57987
47686
62966
67035
128657
237291
143077
152288
122930
144140
122666
109684
76901
113214
83602
126132
121335
79888
135987
115504
149291
138419
106788
80759
99463
112301
101561
119937
112299
64767
79857
109359
87126
97018
98612
100288
97482
122317
110396
87092
95204
100123
92298
72354
70537
104082
70602
60424
57958
67660
91351
71695
57997
81137
78262
79818
98330
149094
103844
105480
85879
69004
76962
95726
90071
159240
104330
105370
119007
98281
149758
136808
109567
106961
93893
126139
100930
150687
156222
163014
81853
99207
90069
81291
86552
80542
86570
134032
115334
103727
68020
140163
134680
63232
87960
86803
70037
89176
89291
103981
