80149
93347
82939
73370
79039
92836
57829
90157
71880
68456
60351
53600
62768
77825
62638
72973
77437
89178
57196
87791
98802
89563
61386
90742
79279
74871
77010
69272
119306
99224
64801
62514
77918
90020
61611
45872
58634
48335
49170
50261
56078
30521
41418
44386
61035
45654
50899
29768
33302
25482
63237
47807
17203
21435
39186
43924
34490
27897
22281
29150
29600
16466
16480
43268
25270
21692
20996
23709
23656
16151
10228
18062
18534
27689
28219
26940
23904
35890
26151
35809
46642
28076
18712
17732
20723
10650
9959
13458
30009
23378
29543
34790
132206
98265
58087
26219
19349
23199
36230
24318
12697
40112
17283
22882
17272
15352
16800
22576
10241
14815
12591
21235
15823
15458
3547
10020
11827
11774
7663
12252
8312
9866
17184
11587
8904
16578
9625
15421
9335
21001
9260
6329
11976
1768
6665
4609
5259
6182
11702
17777
13191
6450
6300
6453
7648
10949
10233
17915
18028
18632
19662
22463
14168
36598
27353
31621
36180
29282
134084
108240
42744
37926
27022
39869
17087
20550
18130
14482
20489
30213
19694
26441
22556
22180
25937
23965
18590
26925
18835
15055
21015
23613
33120
21435
18349
10599
10721
11493
12231
13635
21450
16344
53255
14097
14790
18005
14553
13625
16000
17500
12967
10084
17159
11482
25827
34701
29016
20217
21218
16121
13442
26524
14937
16851
15702
20457
70129
39906
23610
24347
14836
24196
23369
30600
36224
13606
25091
17018
12683
19224
17460
17919
22627
25408
18974
14375
25504
27060
27118
26966
36396
15172
19741
24532
25861
32101
19885
16925
24253
19044
16419
16779
16977
16017
17647
19336
