19589
29535
18536
10456
26938
33133
26888
13688
14039
26528
20575
15555
12848
14813
81351
17557
14584
20672
29905
15084
20605
14928
19595
85877
26595
22881
19011
18831
15290
25015
17266
13970
12224
15399
16210
13743
9539
11915
12560
13684
13635
111956
78119
140953
92311
65943
88958
77208
139086
133702
131739
67177
140625
76875
89141
102200
203798
115704
122993
84953
112735
169467
124294
106258
95852
62425
95584
103854
153997
147770
115883
100078
95952
159495
82070
79765
150009
98695
134653
90482
72077
114914
160679
143713
94623
89777
101904
122780
166091
176846
97332
130981
551804
188772
127391
112439
150502
110230
78576
104669
136719
113315
73268
80151
257914
177349
138422
239168
168070
122751
111400
114761
132619
163906
111763
94460
108984
129034
135384
124449
76930
71294
23123
85792
61595
61664
51321
88230
99316
132406
199395
132180
131044
92827
112801
72646
78613
62000
83403
153982
146248
89140
125768
91420
116041
135525
210448
114902
90024
258249
151130
111059
96636
100318
83852
81569
100029
84872
96522
83112
166148
142445
152467
166596
113713
135013
153741
128670
209261
118631
130757
92951
106245
77209
133938
113414
55453
70453
68752
108865
158566
125688
65771
64829
54524
59181
102290
89123
77891
99101
63385
110478
113793
99248
81610
71524
96833
89499
101038
92146
69708
97411
121206
82899
108265
156205
104932
82138
137369
95817
115969
140157
166997
192311
135561
116526
165563
109285
145670
138054
178468
155194
221721
168831
128011
133512
121484
104287
101191
131864
92347
116791
123025
100506
103587
117303
82057
68240
76555
116372
70428
65248
69901
81108
110878
137462
160683
141577
100974
145391
120779
172956
70599
119379
151189
158661
