81529
80360
80432
70033
83197
91260
69776
128557
147509
124650
90237
78976
92817
71374
105897
96098
82722
94638
91712
131071
75677
63315
116109
249656
145373
93647
78942
85153
71268
70544
15444
11757
14855
12917
8982
10354
14094
16633
8922
15114
8490
18795
9052
11868
13930
22632
20036
13214
53836
13180
11805
14105
15569
41695
19454
22341
24556
18070
18823
20016
18787
32573
23426
13851
13799
11633
18603
24367
13006
9326
8453
14614
11035
15650
18327
19675
30074
18816
24838
27819
19922
17285
13813
14936
26594
18893
20720
43959
18118
13151
10482
11679
6480
13920
13805
13986
12076
14319
7632
6939
9222
9748
8461
12554
15149
13841
12834
25078
9225
8461
8198
2751
7094
6105
4155
9897
9320
12905
10786
11273
8634
11172
8594
8584
12434
19421
14632
10211
14130
13250
10810
11198
10065
16119
15045
9329
13405
17992
108396
58137
28166
16493
18325
12220
14837
17567
12499
17285
17619
10855
16546
15190
19895
10949
24264
13247
13619
10161
32910
29560
21856
19562
11507
8735
11269
9671
11143
7592
9800
8088
11015
7699
13146
10835
7286
12045
9332
11190
7456
13992
7831
6401
4965
6536
7130
11660
6284
11495
9571
7374
5034
8644
10390
7094
10984
18005
14102
16694
16931
29394
25630
34284
29309
29826
29272
29124
22071
101988
34153
70840
91587
51168
43426
17845
22478
21776
19666
25474
22637
20430
19653
33177
26879
33613
26893
45767
19568
12165
18281
15793
22359
13863
53828
22197
13794
12290
18497
12428
17985
27040
17033
8443
16348
12674
9492
11867
7161
16829
8179
8166
28877
23195
17402
11655
9642
9820
