9820
7513
8826
14649
7862
29193
31652
17867
18691
18456
19636
16621
16626
11461
8249
6005
7612
8566
7898
45077
41449
50622
40015
40335
45490
31012
52892
51904
36860
31845
41284
55094
46879
37493
76325
101120
71697
133082
35830
45414
63026
45786
36931
22927
73702
71864
86790
67470
44072
35899
53573
117811
74862
45834
40726
97408
44322
57425
31262
47911
35913
43049
41761
39684
52835
65089
30324
26788
42067
21917
31017
29491
26328
28866
25003
20022
33508
35454
25245
40826
40111
15407
38697
31445
35714
54338
73113
39607
49200
37911
20672
19736
25022
23367
25075
21374
28977
20379
25644
22998
7075
18227
19291
20841
14480
26959
24767
26294
24134
37332
25581
28366
24815
67277
45888
24606
33499
41303
31325
18682
38488
36669
26841
47718
26288
36907
37944
60657
74320
30081
42931
54987
49584
41236
55761
43296
29029
30793
41537
31337
29641
35717
27085
25547
39121
41745
38234
55629
28168
48163
34164
36743
46144
24722
28714
28637
27274
36199
39275
47078
38258
173392
80036
55160
56304
39247
37140
36159
33948
111437
100110
31756
28787
36682
36076
41988
69088
45550
52097
51376
105033
71106
64709
90163
68511
59111
50930
29992
45173
48256
70571
69682
57637
42262
34427
37061
43995
46114
38030
53966
79519
55560
32431
90302
54488
29979
33028
36354
38612
47389
50479
54395
64535
59771
45020
27087
57624
42667
50087
48274
50545
42891
50775
46102
53085
104415
30786
53035
47279
65601
41019
46939
43442
45169
26442
47946
45991
65797
71484
55684
47736
40764
37442
37594
47056
42501
40750
39287
39037
43059
46566
48319
30083
27323
31406
18003
