30600
33112
38069
26236
22855
33623
36800
31452
64964
40081
42312
46269
38947
43835
55658
62010
83007
66124
27659
46703
37791
51623
37554
34692
80009
49342
62282
47572
38864
42657
49377
35160
25277
30894
45203
50021
51555
38086
29602
39905
35483
22973
25521
33416
37371
27998
43258
34972
32911
44206
53586
52380
61628
82418
78237
34707
39600
35783
37519
38102
40343
65967
54254
32891
37144
41759
36736
42414
27822
27326
16307
36401
66674
33411
48984
48573
45972
95818
25597
24507
24190
16624
21135
29149
21784
52225
30522
40708
27870
6984
15528
22046
22137
24057
29705
28634
64244
84373
36123
28026
21662
33542
27769
55566
26992
30602
40096
33360
33919
44976
63034
48385
65539
37257
53058
46821
67753
56167
32373
46548
31375
128226
71434
42476
45162
37194
62581
36899
46675
33789
43800
48175
45516
27815
32560
19159
19273
21639
24474
35630
36722
30944
28161
24491
32709
23211
58149
28325
41121
40392
34641
27866
26264
17038
53990
43077
31736
35030
43063
39639
29068
32088
24914
42258
62629
72317
57164
73078
47683
85342
87986
94996
182118
117012
50841
48316
45319
71864
90607
123090
137380
86943
58551
57684
54570
72444
55765
65063
70526
77158
69995
52464
81419
120255
67435
68272
89726
75245
60468
82101
58158
115377
47427
52234
31270
56145
52689
57298
65085
47514
40419
43519
74815
67066
59541
41396
92769
99570
63428
44434
49203
62627
40751
32765
47158
47661
38875
38201
85007
61498
79221
116697
56440
97694
90283
207423
137256
90821
85246
52362
49535
41292
37076
41316
40690
39800
51789
72367
73513
47085
46085
39087
25638
22771
15990
25516
