70526
77158
69995
52464
81419
120255
67435
68272
89726
75245
60468
82101
58158
115377
47427
52234
31270
56145
52689
57298
65085
47514
40419
43519
74815
67066
59541
41396
92769
99570
63428
44434
49203
62627
40751
32765
47158
47661
38875
38201
85007
61498
79221
116697
56440
97694
90283
207423
137256
90821
85246
52362
49535
41292
37076
41316
40690
39800
51789
72367
73513
47085
46085
39087
25638
22771
15990
25516
16455
11711
15283
22745
29743
28462
23391
26400
28841
28245
29694
32562
24966
22525
37633
47927
18791
38130
32597
51852
43576
16263
27803
44455
35536
39129
30133
31067
19080
39485
17566
53038
30130
55259
41882
125809
60016
63982
39046
39367
35307
35152
40297
112623
23578
19437
30892
53658
33390
30931
29552
37772
38663
26694
31387
45649
32923
28344
26423
18865
37781
42962
37730
18362
34335
46030
23914
20733
31744
30198
54975
73128
46481
32077
339053
77385
56523
35261
18430
20163
16514
18130
22608
29758
52060
63548
97144
33625
51804
59615
86274
105077
57658
48168
36561
75189
49885
30787
24518
37542
80858
139019
64031
53419
40601
50822
66449
53084
51985
46488
49789
68978
51565
87383
51134
60215
34365
78439
44505
55022
35837
41610
45269
43459
36378
66123
40924
48072
62023
53169
49122
41465
53087
20475
32468
55353
40074
42964
52162
42428
47403
27576
25071
18108
52933
39268
25757
27529
35987
45862
41885
48648
72295
61515
114035
73841
50538
55035
43662
33840
52180
55530
45384
43016
44537
43807
56089
48293
65137
89099
67062
43420
56145
68366
62310
89558
65091
62436
76049
69992
73455
56133
45679
48128
