59164
90237
66586
407117
158289
82003
58938
88532
112184
68570
103579
85793
111734
132367
65733
75077
59226
76028
50244
51305
62550
65850
47387
43290
40577
38189
43921
55974
46715
78290
126047
77116
123999
395742
201395
105107
141039
129762
168215
72280
48598
54845
47061
82974
44983
54436
89816
46072
99399
66862
56637
41569
38277
58788
49825
111802
73269
59365
64683
378275
130413
206731
63650
49986
76711
66395
74463
82587
84643
86863
78885
77900
69589
56800
48829
178236
124520
122069
102757
142747
173839
97208
143657
98285
80152
85908
92723
112808
77841
75434
98262
100065
88619
80366
71675
72847
87189
102278
85539
61645
75825
81409
99804
75671
76096
96292
246409
76312
90214
83365
87531
110032
107950
105197
74090
66432
64168
96994
121103
85892
69865
58485
88508
68717
82745
76024
35578
65662
96162
105228
107615
94987
90367
146978
109120
80358
58643
56328
49534
56470
54184
98540
46256
34185
58896
25772
23893
26288
67760
44952
58392
70989
105518
75176
61072
60816
71993
86232
70955
94295
85515
69971
117252
156471
63826
92974
80807
85609
75912
80702
72725
136952
108735
140109
69768
101314
61613
74789
67500
70901
54245
49762
56225
42749
74856
75796
84999
82885
63202
62716
63960
59581
81549
118261
71268
69002
43505
66016
57151
57055
48187
62086
102300
73864
80576
63636
57055
59840
65225
50937
57657
54756
48755
33185
66236
71409
56231
40252
56539
61942
47671
78764
71582
73470
107381
71396
59236
60359
81553
75893
73573
69665
59917
72408
95780
164912
152855
109032
67100
56555
57354
91122
74681
68994
78143
135731
126152
67323
92579
115258
97281
71647
53676
57505
44024
75579
