98088
135682
89259
67435
53676
45253
64199
45484
70161
88178
52034
54887
54431
59430
80476
44283
87159
72048
109243
52809
59410
66232
78717
45129
54207
60720
44760
54704
59809
50726
54742
57343
67232
122373
55288
62151
67097
51325
59913
58730
49472
45702
54417
67754
89248
56904
54787
56430
59395
49366
73954
69504
55662
36996
24576
23263
32306
24446
26199
18976
30626
19914
31151
18088
60092
26553
21119
20826
21533
60621
25146
23728
20859
19703
32574
59093
40256
16795
35006
28736
31846
40531
25279
29552
31310
52031
26091
21949
28046
49247
35344
34977
25517
31274
36447
27379
22839
26742
25771
27518
82704
23943
26816
30884
26422
24132
26438
23773
20040
39705
20159
24646
35510
19174
9590
22878
43652
33171
38391
28273
20596
21336
27896
32998
23919
18665
32103
34311
26847
47902
26900
27834
13447
6090
10565
12453
14534
13378
15186
77954
27838
17883
20500
22447
23348
20167
22586
23346
15196
40182
36607
44392
39031
34053
30451
51683
38416
31986
34646
44365
55759
37635
23660
35018
24530
30881
26930
28109
38580
26769
16971
22968
32706
17429
22715
18477
17027
29046
18261
30514
20238
10657
17788
25124
40541
53529
35856
45670
31740
21566
35954
25694
25615
22179
21188
16976
13723
26566
46350
18893
21517
21807
18784
30827
24052
19676
18411
53115
40488
44323
35290
49833
36655
35858
25110
27866
27736
40262
23794
28757
24589
57997
36942
79999
62285
32006
30462
28883
32137
27837
30902
33840
29226
36036
39781
24091
44770
31685
41287
47655
28114
22986
20193
31090
24758
42648
33732
35261
26807
32867
38528
29141
18496
24558
21301
18564
