21042
22930
31012
21302
35135
36723
34100
22407
33697
30008
26708
15862
30876
23668
29204
21495
27574
26025
26155
22978
46833
23759
18584
28539
27835
26746
18132
37740
39397
38674
22744
25566
31878
25846
17687
18077
27351
26284
31110
22790
18954
21559
18226
14908
21466
18831
21636
22376
26993
16358
23450
23180
29690
21379
15268
21982
24022
27442
18310
18971
13323
12995
21775
16097
19171
28915
20609
16093
15734
20001
28673
23501
28766
27048
17530
19000
23427
23112
18679
30892
28367
21754
23646
24911
35533
59282
25753
17340
21973
15405
15848
15469
12212
16454
19939
10283
16163
20231
18754
17769
10114
6439
16820
23873
20236
24646
20076
19960
34907
31609
23660
16150
14587
24283
20661
20821
19300
20710
15560
10967
5901
10408
11383
6978
9299
20351
21331
42299
37892
26084
12760
35819
20642
18468
26519
27665
13312
20650
16832
22467
29786
81941
29184
31498
19741
19629
20292
25969
32097
22962
16931
18633
23989
19593
17824
20295
14674
17582
19792
34885
22685
22354
13084
14669
27415
16735
14594
14172
16914
19343
17929
18664
23339
15312
16169
28635
18613
35940
24829
17500
13422
14839
17393
23097
45972
34027
18016
16670
15320
21380
25790
17634
25212
30734
20265
13914
21566
17248
16325
16581
30446
25246
21199
26618
15708
18048
21259
28902
82877
28375
45263
39838
30435
21232
41256
38084
25968
27346
59844
30770
36884
40629
36374
39475
28597
21953
23916
22767
28762
26635
29702
29359
24602
21275
20706
17591
23868
23659
22615
21284
28951
28289
24873
17511
20491
27707
15311
30949
26281
38379
18521
17341
31156
20824
18930
14400
