34918
22137
24376
22009
25351
20143
29537
94204
41337
19630
74145
28499
32117
57329
22749
34233
29499
31701
32110
27089
31213
27202
26245
29723
21768
22513
19875
25534
41172
41548
20364
16675
31715
25195
19170
39684
25518
186687
94334
70206
49544
47800
40941
41414
40704
112805
57251
99287
69515
116201
140499
147269
86371
215344
150932
103838
82147
49425
41134
43308
98042
83381
49727
45304
61042
48746
70984
99189
93057
73115
42503
33022
53353
65743
75711
39005
41720
26587
50962
36553
25789
31437
29278
31891
19276
33031
49040
34812
47600
47828
21644
38004
26165
21366
29072
92763
56989
45083
43881
44787
120114
43522
50629
39364
45968
28404
21725
12286
21152
9735
14593
19456
16489
8882
18596
19823
20190
38055
21441
14595
28842
31418
23536
24393
17122
23234
25252
34564
36128
46604
68197
39152
37954
27578
36179
28247
58174
50231
35932
34644
29105
28671
30331
23894
25290
21469
23623
21188
29232
18873
21775
13557
21937
14322
15390
9543
27560
13023
22354
23453
17371
15671
14809
13072
11895
60830
33338
20483
19612
19076
25261
21577
12632
13708
21708
50923
22266
23696
25423
18046
22888
23301
17849
23533
27978
122724
129488
54417
110919
35078
32323
44444
69527
43515
46114
52572
24589
44383
34512
85704
62158
194325
69771
43733
147576
49701
30310
48695
54593
80494
62600
31675
40987
45711
62645
34951
64447
62569
57516
55911
51376
35292
38781
31611
27877
42340
61218
77059
52515
32033
21681
29244
29790
22727
64471
37502
53212
56612
22373
23822
24165
28290
32680
28495
23325
22294
18930
20479
27933
17211
19205
29782
40820
20496
14611
16466
