14975
43304
17423
20943
34167
13513
11356
12795
10279
17015
17705
17305
11079
19474
15447
13981
13046
3717
4191
6017
3433
2735
3085
3178
7654
3787
5010
2003
5232
3072
2858
2318
3120
6040
13281
5672
4149
2298
4691
3695
6558
3548
7031
4817
5184
6199
3715
3290
2169
4240
1504
1186
3523
3161
2287
4167
3295
3843
5268
4225
4041
3172
3537
7366
2549
2358
2149
2258
1067
3192
3075
2026
1990
2234
1423
2290
2311
3837
2364
1084
6858
7865
3698
2928
3975
4573
7387
2228
1853
4564
3454
3208
3177
4108
4636
2378
3866
1486
1529
1751
1957
2589
2660
2606
1819
9482
4957
3776
4719
3660
3246
2976
2627
3199
3738
3888
5155
8948
2767
2862
1781
5612
3086
1711
2357
1782
2810
1916
1782
1594
984
2162
2414
1640
1654
3821
1575
1542
1726
2779
1940
5131
3337
1332
4920
3066
2663
2335
1629
1188
1169
1733
4191
2451
2343
5728
1522
1907
2786
1730
1502
934
1691
2522
2853
1264
1568
1680
1212
5885
1477
1194
1897
1930
3724
2614
3826
2508
2163
1904
2232
3956
8124
3002
3461
3205
2840
2940
4180
4167
3224
2318
2332
1541
2118
3405
3647
3057
3530
5752
2932
3180
4076
3490
4140
3892
5372
2858
8011
5515
3736
3268
2728
2242
2859
2172
2022
2155
2715
2389
6032
3510
5293
5392
3039
5374
5398
9079
5036
6732
6803
4523
2763
2424
3671
2527
4619
4947
5029
7273
2890
4661
6441
5491
4589
3259
11391
4750
15210
5361
3422
2761
4719
2710
6009
7557
