4951
5969
3101
3487
2922
3230
98379
63987
103687
78006
69941
58666
56214
100947
54145
49434
42673
44638
49782
106369
81627
59712
64444
65874
97194
47356
81855
55603
42000
47206
43948
39825
68558
80796
48662
51894
159857
72812
77606
43980
47539
77489
75889
102855
81162
76340
133095
70908
57981
81277
49600
62211
54143
91407
56529
72706
56684
73322
50900
47334
47482
66955
51647
35643
50527
56147
232458
59154
30067
75829
65000
84326
63590
63593
52310
63650
46238
65650
43812
52294
45267
41841
63268
95683
55494
37716
55093
16155
34776
43867
39240
33788
61093
65685
74706
69008
49472
43402
43216
40056
42605
56632
60343
44890
83393
64256
47321
57353
48247
50199
64863
54398
79059
36404
82565
100797
66999
64098
49938
54399
62423
68595
57782
38618
48070
48192
116679
52805
60261
48657
50261
75718
34439
40512
38968
36159
33482
43499
54923
43674
126537
87927
55716
47462
75253
65556
44400
46479
50772
53692
47880
42262
58397
51359
42930
35653
40622
54692
56083
54441
48242
49837
40078
69557
54258
35654
59087
49531
50994
31973
63229
67579
48609
58372
40994
60094
71755
100580
135966
81944
65568
66369
37906
61618
53952
58151
72461
95681
107456
81074
104442
89865
101551
89130
75340
63324
54542
67855
63552
92855
54568
79817
71403
75067
58051
60267
76965
69327
64083
50116
96182
73258
139626
48618
91293
73913
94949
46516
67583
77008
66106
42578
62902
64063
51158
44438
64643
38664
39124
80418
63607
61283
60197
60455
55126
62452
74477
60362
67146
39381
38185
42748
72040
45126
58498
42197
55454
58962
63379
52182
94879
36190
35574
61935
36349
68611
