48242
49837
40078
69557
54258
35654
59087
49531
50994
31973
63229
67579
48609
58372
40994
60094
71755
100580
135966
81944
65568
66369
37906
61618
53952
58151
72461
95681
107456
81074
104442
89865
101551
89130
75340
63324
54542
67855
63552
92855
54568
79817
71403
75067
58051
60267
76965
69327
64083
50116
96182
73258
139626
48618
91293
73913
94949
46516
67583
77008
66106
42578
62902
64063
51158
44438
64643
38664
39124
80418
63607
61283
60197
60455
55126
62452
74477
60362
67146
39381
38185
42748
72040
45126
58498
42197
55454
58962
63379
52182
94879
36190
35574
61935
36349
68611
38627
41550
68741
45457
36235
26702
38280
36284
59557
43144
41443
52091
39197
32181
27168
42427
65954
61935
63631
30067
32327
52222
57903
51807
51253
61905
41491
51230
29223
32595
35193
37863
39833
37666
34259
49857
46503
37580
31519
36147
60599
126828
38559
33169
44209
53698
61267
76592
40908
65540
61999
104429
59796
41559
49214
31828
27218
25849
44582
44595
42088
38787
46693
31448
41526
36365
39173
31654
39778
34593
27187
27165
37121
29668
28737
28602
9547
21665
20452
22539
12127
30893
42010
51572
33856
26288
43676
42997
41409
30429
31884
34131
35650
67419
82382
45423
45859
49641
36738
67163
54432
63577
84719
84525
71454
41954
53653
77424
61707
50560
45292
60938
42170
31907
45235
59801
39724
63935
37609
39661
71675
40343
31879
61977
35852
38440
51667
37762
51311
37808
33138
104405
41810
65000
54225
82212
157858
76859
83140
76463
55599
56306
49571
57767
396026
370732
144272
112257
71444
86415
80595
80740
123250
131772
78813
57816
