38627
41550
68741
45457
36235
26702
38280
36284
59557
43144
41443
52091
39197
32181
27168
42427
65954
61935
63631
30067
32327
52222
57903
51807
51253
61905
41491
51230
29223
32595
35193
37863
39833
37666
34259
49857
46503
37580
31519
36147
60599
126828
38559
33169
44209
53698
61267
76592
40908
65540
61999
104429
59796
41559
49214
31828
27218
25849
44582
44595
42088
38787
46693
31448
41526
36365
39173
31654
39778
34593
27187
27165
37121
29668
28737
28602
9547
21665
20452
22539
12127
30893
42010
51572
33856
26288
43676
42997
41409
30429
31884
34131
35650
67419
82382
45423
45859
49641
36738
67163
54432
63577
84719
84525
71454
41954
53653
77424
61707
50560
45292
60938
42170
31907
45235
59801
39724
63935
37609
39661
71675
40343
31879
61977
35852
38440
51667
37762
51311
37808
33138
104405
41810
65000
54225
82212
157858
76859
83140
76463
55599
56306
49571
57767
396026
370732
144272
112257
71444
86415
80595
80740
123250
131772
78813
57816
100652
47409
48619
54662
60461
59859
243973
88022
78021
103355
90607
86563
87515
79095
78013
70633
65484
126317
72631
99681
77609
80696
48259
78193
79114
62833
58577
72173
63856
64867
69318
56615
62334
40283
54206
30222
38465
38258
26881
37273
45992
41533
30044
29907
29548
48718
31386
50942
37077
48934
28145
38236
54531
36772
24712
40071
26443
22587
26828
27376
26354
41902
40812
34399
50985
31919
83777
84501
35512
27528
46231
36311
38416
22504
84769
43583
34770
48043
35240
28914
26868
45586
35002
24571
60500
58298
68468
59073
60990
47003
45154
95586
59234
46256
39428
45617
56245
48579
52443
49641
