67120
67154
66373
52022
63109
78153
72951
46833
43927
47798
70329
121014
80169
59936
61692
52104
77207
44638
39544
61767
63225
39730
62451
52453
46932
83710
54132
47946
71377
108062
93666
168175
47445
44617
39967
51526
48147
44813
41722
42554
52431
66086
63934
61286
41157
43153
32550
72866
50442
61109
129020
85561
106012
78041
65919
101287
48482
53670
53714
64979
49683
65303
89297
45524
27052
17389
30206
41777
24113
28043
47669
56042
42085
63034
48099
71418
64801
66664
56419
76182
147764
68227
113309
82642
46294
48728
56688
50616
49103
47259
63603
150408
133092
103605
63691
163398
73498
68437
76060
69046
60884
63840
77543
63726
75038
56681
83781
96686
53198
45296
38326
90547
70823
156034
91841
107213
91952
64222
57539
46163
60894
65970
85167
66993
48764
48072
56928
45955
47888
35582
48841
56058
45084
45379
63925
77766
47383
40259
29130
48776
36792
79714
52495
39931
61590
46349
46727
47827
69969
102247
66811
116322
66355
72025
66856
112503
115739
97195
68683
61998
39495
83486
63688
72405
90841
100878
118005
62213
102179
68545
69359
50985
54515
59362
52055
106571
100174
88548
76849
61252
76629
79820
86384
64701
55986
72011
60334
40867
42031
69273
96255
65824
79189
55689
72440
54250
67593
71886
61885
38927
36073
71822
54137
110310
71794
59737
85415
111332
130840
61619
37229
71427
59292
118750
114967
142085
664156
210277
89554
95789
84544
121951
111612
90081
76418
101033
77993
109935
113477
25919
18800
11175
17067
14788
11450
22433
27241
15532
24975
14307
13654
27894
16970
8635
18824
23394
11533
16416
7956
23371
20387
15708
22735
14441
12909
19473
