22237
12854
12607
16216
11468
15123
9877
11597
9082
12828
10476
13673
13160
12594
11320
6860
17042
17899
11807
13775
21004
15863
16430
14003
14673
15754
10464
21978
20371
17399
16540
11159
14142
8795
12047
6060
47099
37427
14015
19554
21357
19270
39958
26226
19528
11346
17670
19197
18910
15976
14721
14234
21865
21046
4658
10950
10743
8952
11569
16591
21063
19614
14349
18967
26794
18409
12678
20566
12880
15165
15349
38411
21698
20476
11277
15207
14287
14416
13626
13383
12746
15681
14024
10983
15312
9933
23634
58716
18730
18146
13370
13093
13704
24008
17147
17537
21925
14401
20023
26324
25771
45495
40072
35215
37604
27431
18477
22915
18454
25343
23088
14563
18040
28023
26099
21059
19056
21674
20306
16815
17348
15097
16362
32636
32593
23704
31298
21448
24190
18869
21155
18865
15907
24739
33641
18759
60282
32374
23377
33890
132146
49764
44420
44006
51304
46745
39228
33638
49936
38006
24923
45249
27555
38368
43524
29193
21143
29492
37981
27384
29938
28378
40389
32548
34818
26157
22537
26849
20882
16928
20253
16456
16818
27221
16756
15402
12733
12034
30277
20312
15434
26816
32441
25733
14460
18039
12108
20422
9303
8252
24639
21899
48565
32495
29942
25501
39071
42124
21704
14737
16013
22468
35499
68784
28305
16949
13701
11549
17037
20479
25386
27756
25827
11740
9277
14140
1856384
360731
23309
37296
33006
49463
42054
43212
29656
44187
35874
141580
69554
77274
40193
33084
31042
49467
41563
44896
33822
41869
27988
36741
74282
70196
36910
93339
76627
46125
36706
33169
40573
36767
53098
37435
53280
55270
49072
33702
