35145
33414
35522
30832
46143
39678
41694
43701
47027
31080
17297
16256
18035
23242
34346
37954
24047
25665
18555
29950
39369
22052
20600
22885
9706
29168
21588
18099
13960
45099
24637
46445
30437
32488
63576
26632
33481
19150
22154
28939
23799
21518
13568
4436
10101
12954
11028
6264
15721
14433
13282
20134
10753
7649
26213
20248
17059
16968
19126
16682
14548
23971
18250
28054
39665
38924
27314
18056
20772
12676
16350
22690
19653
22029
23104
16409
21019
12832
9323
11027
18054
15311
12628
17161
22320
11588
13787
12145
15001
14191
13919
13469
14249
20846
15037
13987
17619
15496
14635
18533
20203
10981
9766
10201
11815
11646
11583
11294
13566
11799
11592
13326
16039
12240
14819
15941
18722
21870
16480
50920
35118
21210
29695
45369
31485
22423
39780
34756
27474
34795
17553
29636
31794
49395
47107
156454
51912
33246
56026
36290
40814
34798
40704
60967
40881
34399
38251
33614
31025
38711
32717
32989
25861
33857
42369
56532
45234
21925
15523
17047
41511
52994
41058
26107
16996
21589
41605
54839
56909
22994
37362
47546
28025
14021
32587
42456
33845
14872
17229
20541
14132
14629
19764
13071
15221
20996
21686
32410
22917
15201
11819
14221
19937
24820
13929
11296
12417
23487
18300
12459
18758
16509
11892
19404
25985
16217
25876
25662
23109
22588
25093
29103
24778
23264
33923
25949
27693
20634
31331
30088
25730
21548
33163
34884
43600
45124
33605
43440
32881
40629
50687
32260
26569
39467
37112
29678
14822
18143
22078
18849
23991
16332
23998
23836
27736
27068
30023
24626
39309
26574
33443
19107
25896
23093
72227
39442
