32485
25974
21680
15654
18945
21499
33136
20394
22336
27518
26065
19841
16305
12136
33530
22026
21043
18222
18804
13923
23104
22843
20569
32414
23751
27233
100451
69119
34770
34544
16156
14419
6779
11180
16195
15176
13708
18659
27193
37581
22127
22786
22342
33372
12031
15064
31291
24446
31515
60573
37407
31025
32086
27672
24093
37157
37159
32781
26222
44945
56364
28024
30932
35272
36353
28844
20765
20112
14552
24719
29330
57660
41841
49031
29789
29871
35305
42234
32490
32157
28749
28478
33796
35900
27048
35426
29422
24326
31722
57852
28601
22361
19378
23648
23805
33155
16378
19850
37234
35661
21507
31078
33755
27908
17657
35448
49193
42212
31918
26509
39533
48466
23991
18942
15160
23928
102953
53233
59785
77440
54967
36026
61180
55370
39024
30887
30632
42016
61101
47910
65784
38077
50303
47158
33155
44710
69199
49413
51585
37033
40363
50693
40467
92686
62611
31647
46094
52303
46971
36425
40932
39817
72825
62385
53123
40666
54722
56225
40529
70485
62142
83759
34990
50813
48768
36391
31940
44529
39545
43273
43615
44880
77194
54263
71489
217126
129926
69400
62139
110008
95821
64076
74400
55871
98731
61322
68460
45778
58968
55014
58882
41235
52463
50637
47609
37230
75662
91649
77928
76069
41229
58544
55581
79243
50794
48771
43043
41592
58948
59234
48569
98878
179379
198615
111719
81815
97615
92042
78414
59618
57406
60908
119991
123388
94282
85034
199060
56043
67034
52178
46717
64577
49765
39105
57177
52144
164487
252447
1318174
234855
215214
156955
194922
80096
68353
97970
79732
94651
76709
74802
138530
84177
174490
86668
83732
69408
