110674
58227
31539
139702
73391
135623
89664
97842
76221
103520
89454
54120
40607
46375
100420
85741
92481
160227
51945
54521
39244
20444
41324
28661
34914
41620
71387
86114
120064
223334
114883
95192
112245
124637
128332
108466
141335
233190
242378
140953
111081
121454
166304
120179
82951
87490
83479
179407
198574
147678
110604
95084
72643
54766
54577
54120
52522
44829
55619
82547
65579
66369
86528
104788
60715
105505
62183
86938
129301
80618
90641
111807
61492
100430
90928
62510
109492
117260
127251
61091
67760
86873
119308
84970
75106
58475
51876
47960
49711
117023
130088
124929
88082
91761
59262
117203
109241
214215
135854
281923
355725
151280
81006
133884
184112
149640
117191
122344
66721
99287
179641
212128
154455
168058
155891
207649
84884
121898
129872
100923
87208
113184
145029
82131
115621
110175
89143
91199
90090
80473
56135
89423
80092
98608
143094
96636
55497
63856
62474
65612
76517
77167
72639
75762
59690
89016
96224
84616
84691
80258
111558
84438
74794
108940
119947
93065
87158
69243
72155
53844
91834
103796
208841
142493
159523
97919
116900
80172
61830
50311
51589
109956
66131
78494
51431
42269
76150
57744
78995
112671
59285
82597
87262
90869
83007
5333
3409
3552
4027
3215
3598
3461
5180
4638
6166
6221
7596
4816
3383
4250
5164
6061
5360
7074
4664
2891
3412
3366
2703
2637
3540
4079
4006
4527
3784
3447
2548
3782
4307
3343
4407
7756
5641
2628
2938
4088
3271
6757
4125
4514
5740
5032
4657
12010
4445
4305
3078
2764
2234
4822
4251
4149
3524
6560
3116
3020
5982
2250
3187
3482
4478
4471
5166
2991
2934
2804
