2613
2874
3827
6502
4475
2284
4105
1263
1962
1881
478
934
2572
1840
1389
2644
2492
4827
4102
4140
5374
4711
2771
2810
3015
3262
4133
3969
2861
2059
3608
4733
3369
4465
3229
5880
6123
8043
5674
5347
3464
3648
4267
2619
3054
2949
2214
4993
167055
79958
78700
42093
20183
172110
83556
38383
31473
27073
16821
18280
15716
15072
13720
10550
13198
27632
10464
24558
12093
10061
8030
18517
13272
8524
7267
10888
6571
5133
3499
8119
4813
8171
8070
11833
4275
10819
11687
5957
4848
13766
6709
7019
5632
13017
16676
8106
15352
7743
28938
28186
35238
47705
21783
21638
14880
17295
23804
15215
15273
21619
28700
28542
11109
30709
17993
15286
14955
14510
19046
17822
20069
10722
22700
15820
10801
8318
8829
6679
7816
11794
6162
6649
8971
15840
11848
15916
7514
19717
17449
19928
15216
18956
19965
8182
9798
9185
6200
28792
5918
3048
4154
10068
5725
8449
5263
62741
25387
22666
29139
25053
23250
30076
11596
8695
20467
20017
18746
30657
30495
32339
50389
26815
53951
39664
111270
114472
93104
157330
368816
79467
62030
101830
15455
44583
44868
20385
23539
60104
59708
45544
53702
29891
13902
20633
24234
20084
32297
19766
35925
22435
29732
32430
20751
24471
54121
34214
29573
19907
25275
30490
25685
13877
15690
13797
36820
25060
20907
22554
22250
28639
21628
16288
14989
22581
16988
23604
11773
12681
17443
27483
29565
28721
21150
21077
20530
11789
23930
20756
15823
19897
13735
23146
18060
16414
18914
9719
10262
10690
12214
6273
14186
7493
14673
8540
11529
9439
