8296
12271
20639
8489
7001
11242
12541
14945
16780
33409
26068
26180
17788
12624
13249
21929
25491
57667
24123
15891
17248
11154
15897
14392
18650
18840
52921
45678
26153
24426
27663
15268
11141
16999
20744
17024
22176
21752
23554
29260
24282
17149
28614
14763
18560
16089
15994
16607
15838
15482
11190
31550
15482
23644
28679
16078
15001
23334
28288
17046
9512
14437
10999
7470
7805
16402
9990
8802
10768
12855
7418
14431
12592
13220
44966
19415
21552
11281
10315
11318
8748
6683
15125
12441
8425
13019
5956
13458
12324
13114
4501
3175
4585
3260
3476
4350
5996
8520
8579
8929
4206
6228
10333
4966
4172
5035
6067
5499
12249
9669
8171
9959
17272
9244
6394
5622
6480
8829
5630
6386
5608
3897
6532
3215
2434
4942
5423
6363
10039
9073
7751
7381
7603
4261
4618
7041
10755
7508
5362
5627
6655
2578
9463
3160
6393
5497
4158
3781
6998
5745
3933
3620
1944
6150
6449
4101
3786
4255
3984
3604
3663
4187
4998
4674
3588
4043
5691
7110
3553
7705
6688
993
3116
3932
2549
3942
4899
5486
5878
6998
6662
5098
4988
7794
4350
8401
4633
4371
7191
4458
5424
6282
10485
15730
11183
4175
5216
5873
7571
12416
6230
7067
7549
6811
7747
6132
6856
5000
5416
5070
6720
5614
7337
5149
4055
6485
3656
7754
9169
5640
7111
8128
4833
4805
7889
8571
5247
4875
9899
8007
5892
10384
26074
9649
8508
7626
7333
4956
5758
5797
6228
6342
3794
4569
4017
6223
7340
10359
5043
6713
8030
8763
6085
5913
9842
5373
