4913
7976
9732
7858
5579
13559
15231
7367
5427
5623
6089
9573
7989
9189
9734
13272
12905
8563
14304
14792
7665
8332
6334
6989
7621
9735
5327
9032
8423
8598
7122
11348
8870
8282
9155
8286
10781
8783
15688
33827
24157
8721
8683
8031
13824
10254
7150
11820
10617
6919
8407
9548
8814
5932
6738
3427
5657
8064
9841
7188
6289
10189
6007
5489
7319
9121
7433
6583
5623
7920
4350
4520
7262
6768
3815
6544
6761
11577
12809
37290
36500
34488
26992
25137
31368
32428
60751
44437
44563
33209
33347
34492
18250
46993
52978
52532
43260
42611
32694
31699
30938
47605
27998
38307
42656
52299
70289
48187
63826
49186
38070
52638
50495
33014
43056
47802
36207
41320
33855
71539
34867
51982
39736
45133
37041
50011
35458
28638
36505
29937
37926
41724
30132
40439
26576
31625
53263
57470
41187
30010
24121
16522
36833
25350
43288
43250
60734
32458
28431
24879
36372
86381
26518
30113
27566
25531
44359
29018
26242
21632
6737
18702
16596
18769
21879
36802
44338
64257
49799
25441
25559
53578
35816
24918
41591
41998
27644
46657
53026
31926
45819
35221
27851
30297
24913
40608
24150
48597
52773
26687
21757
33552
29799
36718
24880
32995
26634
27325
20875
39467
25926
30872
29485
20891
17764
18516
26927
32911
22010
36370
28607
20436
26525
29763
45816
51436
29786
53899
25896
27884
29305
36785
25448
21376
19198
27811
24448
15508
22478
34670
28714
23485
24433
19030
32789
37800
45434
23536
19451
24190
26597
25557
17371
33731
33056
40140
35174
30434
32973
35747
60667
56819
42597
37612
26352
28901
