34013
36583
34887
37387
45498
52792
28114
33597
29678
29887
40486
36643
32636
27334
40276
52852
54895
51472
42579
51615
95455
43177
35848
45127
47126
22461
39860
34434
53351
117896
35309
58831
45096
32936
25750
30377
36183
43681
38111
39849
42284
50086
25443
53126
29257
25632
30055
37577
20660
24661
25501
19457
28834
25708
28690
32585
26006
23887
27151
20808
18697
31106
28089
17644
19832
18886
38738
40586
43246
25080
34419
47036
40763
34933
33491
58640
32589
31946
22516
47711
41352
33313
34665
35668
27229
33734
43878
25617
22098
33443
31094
34706
23903
32004
45617
43626
32429
26358
27306
31675
32988
28037
24053
24600
41218
36936
33319
30666
35080
35408
71874
54554
38812
45024
44015
30976
18651
39507
35038
28763
24448
24245
29944
30945
25404
25278
30274
33974
27766
19392
18658
39300
30584
29772
29927
43759
30560
50466
65994
50515
47890
49993
46336
39791
38416
66678
27612
18446
19002
9311
23541
38660
25950
20500
30436
28495
52685
44700
34057
29276
30317
31019
26341
39549
45003
36711
47831
48090
33865
31379
50668
68219
43471
36356
46902
34015
53125
54079
44075
42525
24451
55253
54438
36205
30951
27023
32185
30253
39832
35306
41062
32243
25451
33655
28522
26202
31440
36278
42497
35845
40512
29458
26223
42421
39896
49404
68761
32566
41530
31024
49424
38153
31027
87045
43366
29657
26007
32084
44634
37576
28848
26260
42559
36320
45354
53430
35541
57349
45228
46276
39906
62901
111421
57305
52842
52620
46476
54565
48799
91569
83689
62715
47621
34309
33147
41383
31917
52202
64052
87532
64896
36257
57051
47209
45548
64827
