43401
57735
78808
81527
59478
72294
48054
62044
46361
36120
32332
53597
39763
52607
40643
31174
35672
43400
43398
31004
85461
69440
68117
37768
40126
49578
39758
28173
32066
51373
31144
46419
43024
30541
30507
49926
71537
45610
48398
42438
28256
33445
47483
36389
28565
22251
25267
27012
31908
36429
45056
34357
20815
23620
43830
39593
43553
170661
167211
191191
135167
208649
156243
135210
175597
179151
121038
120444
201259
271030
208096
214408
179240
194881
214693
191591
165439
165494
225579
213744
107756
142504
184088
209543
425214
157925
164759
169529
134155
107822
139084
134725
118181
120661
137367
142688
192584
175634
284044
143061
155523
199280
167555
143688
175903
192785
198486
171021
154413
114986
146345
185924
150393
120316
133535
199128
241629
198921
140125
136364
176924
126662
129525
137492
166088
177729
127926
168918
99456
237225
138844
114152
161865
128000
189446
98673
127068
227850
85443
124767
77494
93316
63576
110491
117420
213074
149838
108232
119209
153063
119404
96215
161591
177484
125840
218652
136570
151547
131031
125445
164475
193361
102546
124036
116840
134054
143341
138423
169649
113806
170057
157489
150823
87580
111821
127538
127905
211699
181031
213092
157226
104220
126624
127624
140959
122506
139021
165550
156816
130517
165388
130109
129560
332442
89256
158622
94475
89221
169745
148480
110357
123763
127622
96190
163143
90158
104365
129713
131825
87199
105733
97276
131917
82927
159312
86684
131530
154810
125876
101434
171883
189771
149610
103051
142194
104134
167189
128819
312928
255413
248308
180954
157144
108274
199420
184161
203377
180467
234020
326007
265099
321393
251369
267461
234797
207937
230522
149100
302534
254476
271647
402219
334618
225358
309460
150160
