109351
159184
145710
126768
125033
138955
171915
284834
477382
268933
196868
178656
114136
130474
175758
221491
150298
107114
121013
108935
108168
140955
102905
106757
135683
198618
209694
186380
116656
96062
130213
105329
135292
103250
114020
85164
104397
68185
84403
136385
97054
64049
99151
151930
125769
112671
12979
14393
13021
9659
10539
9132
11897
16634
14156
8496
8250
19042
9045
12277
8358
14270
16513
17663
17973
28223
17910
12718
9899
14912
10041
14048
21176
16717
19996
13996
15980
11549
15007
15989
10936
20923
26952
17411
14002
9339
9232
9908
7881
12332
13103
15514
37154
12706
7910
9648
7216
12564
12502
13461
11553
7299
10842
11449
10493
9808
6277
3449
10454
10325
8443
11436
25540
12015
11261
9531
10812
7043
10550
11958
10790
17075
19771
6396
11707
10998
4900
6520
4239
9701
8785
11911
12925
9624
11335
11496
7094
10560
9866
7083
8321
10879
12405
11649
15115
9333
11765
44228
23252
18783
12063
13403
9358
13290
16501
13385
11257
7929
13626
13842
11853
9808
8784
9357
10895
7935
9967
13557
10839
7599
11934
6275
10433
11774
7514
8605
18834
13904
9803
6156
10367
10072
10733
13980
10026
8434
7905
14012
13603
6335
6700
7407
7892
8762
5035
10992
10870
38069
13845
9444
9699
10424
19505
15135
14735
10278
13629
7447
7863
26992
46899
15872
20469
14959
19578
22471
32324
35646
26870
19902
11733
12881
23984
27752
19244
17601
29596
32325
16666
16497
13307
14995
13414
29854
15042
19011
25196
38850
24678
16208
9831
12176
11960
8929
10742
10686
15001
11873
11041
15272
16081
9601
20704
16635
16531
8468
