15402
18791
17419
12069
14720
18395
10052
13198
23168
11054
14090
10497
9565
10958
10070
10356
8318
10995
10184
11313
20264
12270
14649
5902
14839
9362
11147
9148
10451
10672
9234
38568
26256
39496
31824
39392
48010
44400
48920
27966
38284
23571
36336
280249
103947
64980
71895
64620
74859
60047
51772
59950
58076
57793
37013
27751
36450
48090
58508
47215
44995
81274
123757
87024
51522
42617
32790
47898
44506
59747
58954
67743
85011
74098
54282
226194
114661
75051
62312
43441
73825
188082
118597
64924
55398
50534
67879
101808
63087
64146
68929
47222
36193
37113
50350
71914
68588
69503
75076
38845
42680
35646
43747
33801
35793
35000
44089
43976
52711
40827
24502
27143
7539
14259
17295
14290
15697
34242
56167
133348
56012
42981
41624
61747
69104
63138
58322
42071
39636
55335
50775
50112
35580
53194
44630
42839
33810
30758
37550
45209
83622
62500
69542
45664
52616
39834
31119
43551
29531
37374
36359
34426
83261
152998
129455
99333
99315
81820
75747
111784
74086
83322
69969
62648
61711
49665
66624
85659
78146
67520
41786
63010
68057
61344
77649
66645
40819
53510
63993
78537
97711
333852
133045
57903
52656
83016
188619
133421
178635
140150
81124
65774
73171
50914
42657
73604
71868
82218
79644
53263
95931
74007
128447
136721
78851
80773
123823
167219
180272
122404
108490
163384
124162
102758
62117
91035
86428
492424
186356
147578
118947
67788
72582
81207
71725
123222
75119
52178
55917
66993
54853
53616
54996
61330
45081
32005
50778
69815
43598
92414
133535
116264
63964
98472
95247
80789
136909
71979
68905
129763
111314
125700
68945
77940
84203
80768
