58355
62859
39916
40199
51518
48940
61606
43536
44505
91325
88051
58270
61979
67997
66249
41876
39229
72829
65950
70116
230785
216654
141223
179730
231332
274247
242698
405905
666178
491185
344449
280484
379430
607004
548982
448797
475284
433066
347831
190036
179616
204625
251703
345532
200469
374253
547387
400055
334940
394598
349282
380408
218707
231776
173550
169272
251706
475774
342345
442235
281364
288638
218066
248618
292748
465070
551303
534311
675162
412135
475483
876596
316180
198122
348956
570898
319536
288806
227425
304611
223758
155590
165549
389790
394900
271775
300768
301097
171882
555330
248987
209213
215868
475494
280552
148529
192833
734816
293781
392430
370874
152877
336697
178874
226565
193592
303729
762635
490640
546445
751737
419160
433173
328579
458668
393841
272725
285170
402672
425193
359519
300441
467621
1329974
1043686
686566
637244
755302
716767
629872
445900
350572
330387
300408
897580
397315
378304
260500
176217
287537
226750
204003
266774
256443
194142
256386
213842
183013
218365
163291
272454
212878
194067
148755
219546
398769
225171
159500
234608
149009
172335
130844
303629
261967
125978
132561
184458
248796
224585
266837
154927
279321
149356
285030
234356
313101
274575
426006
177637
199860
172568
496317
337295
210469
304226
514992
578388
363340
264370
310496
320430
462208
473586
279575
367054
277478
316624
348554
231883
278254
310601
423196
325482
168609
257991
289082
189852
172024
153494
161309
170648
289679
262055
233483
239945
212513
307858
187535
307561
229261
231674
268955
152231
213739
268650
209784
251936
183513
295658
448963
355565
316592
248579
183809
143276
207141
286142
335173
476691
515129
348409
513036
616436
406768
385293
411447
369835
310016
349383
780115
530318
307836
341968
739891
348787
212848
