168380
293941
244746
537000
432219
259351
166893
333944
352672
207278
135760
191617
99599
98303
120614
129478
160741
135893
165531
121608
124228
148713
144107
184024
152791
148689
151922
203052
135597
137572
205138
153587
211091
143195
140916
204094
171706
204781
174672
206599
115887
114051
113554
109209
201854
365600
224036
203252
279898
231957
242323
242848
171261
183455
187696
150803
227398
198446
291843
158664
174783
140987
145252
250974
165600
281913
239908
363694
227514
212410
111578
89718
183655
166259
120251
130146
166151
99694
155407
177596
146341
137430
123866
128769
166757
185433
254258
147872
140947
127467
62851
99654
75085
93875
70650
138965
147447
152398
119166
107681
95824
109216
253753
220243
208538
199518
208427
255755
174656
153784
198636
174834
133746
161208
92238
151312
174672
253355
229725
102157
171432
168207
144307
179074
207739
119612
123500
124083
175775
159353
170936
170368
131683
118063
122541
125849
118540
98688
120570
146958
194283
153158
163865
174158
183090
123894
124973
307756
154743
123382
123617
131756
135016
111582
99210
129672
101352
104645
122753
183924
123302
100695
106645
119216
199756
207759
205919
125458
101521
371927
382332
413360
265953
195219
168794
182427
157220
124287
324389
214603
307717
264349
234374
246435
190867
146515
211050
154094
182884
211760
246967
254985
132906
206892
262590
305812
249928
207602
161946
131101
182044
141309
154834
128559
187145
181274
136562
219032
173356
178949
196419
155786
163998
130005
164289
338729
137474
228656
212054
255871
169934
149159
168891
155674
119933
126177
129040
111990
109908
165789
101184
140116
128143
157282
156832
96420
126772
97097
145823
217324
121068
145878
131414
100672
116587
103054
118646
124424
91643
87556
68951
106769
115088
121975
50219
40953
