95824
109216
253753
220243
208538
199518
208427
255755
174656
153784
198636
174834
133746
161208
92238
151312
174672
253355
229725
102157
171432
168207
144307
179074
207739
119612
123500
124083
175775
159353
170936
170368
131683
118063
122541
125849
118540
98688
120570
146958
194283
153158
163865
174158
183090
123894
124973
307756
154743
123382
123617
131756
135016
111582
99210
129672
101352
104645
122753
183924
123302
100695
106645
119216
199756
207759
205919
125458
101521
371927
382332
413360
265953
195219
168794
182427
157220
124287
324389
214603
307717
264349
234374
246435
190867
146515
211050
154094
182884
211760
246967
254985
132906
206892
262590
305812
249928
207602
161946
131101
182044
141309
154834
128559
187145
181274
136562
219032
173356
178949
196419
155786
163998
130005
164289
338729
137474
228656
212054
255871
169934
149159
168891
155674
119933
126177
129040
111990
109908
165789
101184
140116
128143
157282
156832
96420
126772
97097
145823
217324
121068
145878
131414
100672
116587
103054
118646
124424
91643
87556
68951
106769
115088
121975
50219
40953
42505
46064
35070
35859
41000
54182
40886
40459
50836
39439
58987
47758
56240
63977
72120
66542
51357
48590
36960
48002
71293
71356
41170
42744
73892
61908
68748
70989
73860
45975
84238
56518
37706
58277
62186
97003
68855
46743
47929
73754
67109
57306
55811
51107
63402
61998
64280
47016
48431
47978
55950
44724
54449
48259
51285
74622
99413
50643
53135
41386
33087
47306
58375
54178
50358
92550
65303
57791
68498
60847
65376
60117
56724
72432
45362
77102
38809
39693
30043
11214
23824
28213
28322
26035
54962
56579
90869
46570
45245
59758
53800
58435
50527
85999
66046
72215
