42505
46064
35070
35859
41000
54182
40886
40459
50836
39439
58987
47758
56240
63977
72120
66542
51357
48590
36960
48002
71293
71356
41170
42744
73892
61908
68748
70989
73860
45975
84238
56518
37706
58277
62186
97003
68855
46743
47929
73754
67109
57306
55811
51107
63402
61998
64280
47016
48431
47978
55950
44724
54449
48259
51285
74622
99413
50643
53135
41386
33087
47306
58375
54178
50358
92550
65303
57791
68498
60847
65376
60117
56724
72432
45362
77102
38809
39693
30043
11214
23824
28213
28322
26035
54962
56579
90869
46570
45245
59758
53800
58435
50527
85999
66046
72215
73973
70677
43016
54429
63430
73520
71503
58191
102649
64674
98374
121303
87020
70886
65094
56397
90687
73735
63188
43697
53027
65457
67795
48720
48360
57324
46395
56804
70127
64159
77756
61570
58109
85966
75863
53262
51109
59233
66820
47692
86945
59676
47948
67321
67761
58747
51539
44176
71230
60447
49121
49119
76532
88733
70127
59624
65398
64275
72418
75842
50998
48962
52981
45705
57351
54157
66191
67456
50237
66905
67409
114417
66383
117405
117870
99875
72488
60527
70603
91907
116009
143147
138491
148603
167429
100943
148697
108634
98079
85833
99242
71580
46813
84962
99604
84022
95134
77065
51000
65361
84311
61423
62258
58388
105648
68152
50840
84193
103024
60407
69606
60993
93544
46883
49097
65829
98272
53378
35499
58687
60937
41318
71837
52903
56094
57960
65287
42997
34199
48850
41847
50946
54350
72972
50912
61493
41272
73287
33774
55314
49796
43218
35836
35419
52455
46633
48024
242938
162842
153082
151377
140352
142306
195490
306336
206996
130831
178909
258217
232127
