229748
204727
231907
347442
337325
249315
216187
253047
216484
220071
171384
154159
125829
159460
189905
198691
159648
194538
107271
189404
116353
111385
141867
236468
166843
286200
176835
154677
488620
293127
272441
238597
164517
255733
148547
131852
152849
101683
129302
124925
103506
230497
142520
109188
121151
118957
95383
96893
150183
112302
153138
117973
172404
147359
163235
103949
140184
117157
119386
108472
144336
157556
130742
232810
198370
95933
96598
72504
26527
86083
77167
61413
98775
203739
225233
170297
186929
159949
100909
148158
187234
246945
279094
169868
212043
567800
467201
211024
243848
310493
254865
211692
195598
210155
185027
297852
255539
145202
195173
138611
188277
166309
157705
165978
121473
123596
145056
208979
179370
153028
186748
92215
130522
176674
206505
180188
110568
200743
291835
150020
194407
177811
166746
184262
162931
246659
125715
121449
129622
217092
182262
150410
144679
127628
177785
114296
136437
218808
208765
187814
130957
139885
287402
150227
605016
292161
291760
446411
229742
139089
179050
276712
191676
188621
252014
146320
204628
157666
363936
324464
217611
163815
444387
187487
253271
191942
197075
238326
261615
324356
227174
269276
295336
182117
153364
139160
130093
104820
171102
147046
182959
161586
209469
113599
156646
179558
151348
184188
157797
152094
161852
161342
238413
226657
128748
228984
197714
218144
119249
122167
158477
149134
102034
78878
178311
133217
143138
169811
89641
150999
626558
249579
146241
120954
192934
112821
147988
160633
150561
102959
112198
67513
88361
77880
97096
120011
100358
89660
79510
89357
116162
108149
690189
541808
439802
410790
454956
558079
495971
626084
407712
341203
449996
499002
462587
543042
428101
447184
500557
424316
680164
288786
613783
606035
563106
501610
