443635
390502
635376
759580
512262
604091
487952
384738
605212
395222
291535
377489
453654
656201
565008
481431
546134
616726
615999
2817609
1241496
696857
735423
526833
389099
575220
658810
496933
530449
541295
756488
594409
519676
426480
418363
373413
320361
293578
441746
499071
363085
430963
588199
380826
374079
447193
459407
437465
346511
494731
557411
436911
941179
401328
363209
283626
110838
253855
297224
420075
319296
384141
497588
581823
505642
512012
687546
659132
518634
632447
799156
465828
548577
730867
1020045
633811
666476
639494
1175136
1938884
859310
544136
613978
778499
809600
528264
591957
485912
659959
811215
513175
458828
428565
444616
367103
522700
431668
487352
403728
438053
931298
484420
428941
560050
394213
502784
448986
353536
317093
375167
367329
503866
438452
813410
377181
420265
339935
731766
556047
333407
349558
637626
747680
343382
473667
583205
637137
547554
370742
413745
689411
527480
887078
649702
522060
553430
848475
1267665
636522
687323
645579
526717
632202
439900
820855
668337
1286129
1737180
866562
638030
471524
452916
633339
460554
527721
617541
879910
1176002
736294
983735
1766840
1364345
675022
761554
657187
678393
898332
804561
873549
878084
789504
680577
509723
816442
486993
479986
520792
546252
559863
614682
852521
1562566
737878
1198857
810579
922394
624894
735945
819672
538113
498622
619286
728080
569346
650647
381817
455301
732975
730163
1085200
672498
606824
697047
694461
835347
550445
568776
785318
649220
559854
571025
872576
767458
452634
409683
529350
540690
495657
8852
10696
8121
7088
6748
8163
9830
12307
8198
6091
3914
7910
8120
8661
5819
9391
13499
7029
8804
4715
6180
4622
5681
10747
8127
5594
6658
10370
10780
11678
9988
6277
5782
12802
6169
8444
7440
5735
