14290
8429
15779
13071
10568
6275
8797
8996
8165
11211
6654
7869
5017
5971
6363
6340
12177
10352
9539
17460
11451
7944
9504
3253
4201
6366
9261
5772
8305
9274
15807
14697
9337
7347
7585
7741
7957
7441
8843
9741
6136
6281
3760
3520
3740
3330
3164
4413
7209
7791
13550
18269
13816
5503
7794
14756
9428
14041
12860
33809
27162
16461
11818
14682
13565
10406
18377
8577
6673
12459
21363
17757
8529
5958
5740
4298
8306
11166
10184
14541
17117
11797
18050
15902
10802
10419
8291
6944
8325
10044
7080
9061
11774
10674
4907
8498
7098
8519
6210
12736
10575
5432
4619
2880
6066
9631
6588
20202
12173
5618
7417
14112
11740
8119
7402
4757
4717
5713
6943
21280
21393
13229
12833
7588
6092
7980
13282
10669
15789
8147
7067
10384
7207
17000
20628
15704
11572
8133
6931
11329
9166
22887
20461
15087
25593
19205
18663
19295
17457
15920
14486
10129
11947
12045
12804
14425
18943
12161
7705
11171
10361
25327
59589
37287
33480
18362
20301
21996
14218
11436
14500
10033
18342
8923
11007
11657
11001
8331
6088
8903
7169
5957
11649
6286
13876
14406
9067
11116
9326
6216
5315
11989
7352
6454
4368
5845
4324
6089
4365
4495
7870
9534
8652
6182
19138
9964
6721
30465
35901
106365
39510
43447
66911
353324
105346
72756
46562
49945
81034
93916
132431
69256
92000
128647
108992
67442
44662
53671
63246
65859
50304
42485
46920
52681
73573
77687
86240
70884
45042
65027
40128
29487
28214
65729
38393
31333
60193
59542
42675
44286
51597
53294
54549
82156
44505
43034
