43610
34037
36240
30983
48724
33584
24425
28158
24139
42801
35597
20843
21696
35745
31930
29706
30052
39489
26903
29937
26355
24270
19204
20764
27853
35893
37962
55192
26415
19107
13076
4990
201940
106520
161265
161880
240944
263491
115383
188329
196989
248413
157707
230553
311267
290723
195773
220812
328239
281452
269655
141541
220497
212340
299452
187440
281508
427288
465215
454919
292445
343347
288888
219864
239877
278516
201936
252806
215733
256450
555305
298435
240486
420879
415390
237276
231923
238488
379561
273408
185128
250658
163340
176845
176354
193325
133304
125019
266520
284993
229817
253034
213475
112804
72875
154581
153311
414316
692974
275337
163402
233563
140780
172023
108351
146784
216250
254438
117496
227448
367213
395509
600699
170881
294322
333314
203692
206188
344222
606647
320603
464661
324333
291351
461159
335241
338679
310038
185453
422029
382744
444489
239990
251595
216373
322498
426583
194075
216676
253689
266959
364144
202729
208477
706299
509420
442352
252267
184294
224906
286732
161244
286260
343075
209253
203859
391630
402276
251337
197600
156927
267084
337403
393350
200222
336935
259733
243735
264069
202336
197802
193511
221251
181903
249801
259003
222259
373513
387814
1275884
524803
426053
442000
331010
242707
371556
280364
499386
291702
363067
262954
242883
386286
317211
253364
175441
320605
668223
239358
529422
491684
501861
373910
666287
645807
380785
387766
406066
323384
419658
397655
483828
299829
382956
385027
288744
330753
362499
374167
429791
419125
429570
439984
330599
354462
335518
286704
241339
235077
264032
521536
390030
285564
245764
266907
269299
283852
339392
303632
572509
388446
500819
215305
398075
308398
313650
306118
274650
392407
393576
274559
255015
212943
330999
376251
348880
