250044
310129
292789
304369
540881
686878
401599
258545
193108
260487
198730
310186
412881
397942
241420
211241
191811
287817
223064
11648
17444
14091
17453
13543
10892
12361
15508
14414
15648
7707
12522
14584
11043
16912
18750
14968
13167
14029
9267
15577
16850
15693
18132
13537
19811
19541
18835
14794
20488
20044
17913
18393
13366
10570
14386
16719
16578
14406
11433
13350
11773
10599
13910
15396
18101
17749
38825
22065
18246
19515
10743
15544
21503
21488
14919
16973
28685
23097
18585
25869
9659
8797
21428
21653
13302
15026
20843
21698
17024
21237
26446
30487
20771
17354
18163
13062
33699
16054
12100
12566
4291
14018
10808
7599
9397
14182
15439
18473
17273
23708
22277
27028
16483
10467
17005
14314
12345
25864
20381
14388
15490
20010
27402
36367
14882
19921
15255
15821
21815
20574
21080
17183
14365
16663
17549
13980
12051
12514
15460
14655
11386
11755
17209
17198
17823
15759
14666
16705
13985
16269
13409
10468
14322
13844
33701
17612
16545
19280
11239
11660
18417
19947
20304
18767
15998
23267
22016
21124
21516
21000
16886
18339
27411
19035
15149
19167
23937
20501
17813
16657
11344
14365
14395
14749
14896
13897
20983
16486
17484
30377
35337
28299
22198
34976
32285
22565
22376
20639
24393
20013
22178
22864
22869
26887
20508
19006
22698
20054
45383
21410
19889
24639
18456
18599
28886
18844
16568
17488
15659
13973
18521
10230
15589
15939
14258
24166
16189
24871
19914
20764
17411
16760
17452
15846
14362
10095
24230
14326
12781
25200
9483
21416
15201
15609
56285
18419
20656
12630
19091
17131
19413
15594
21243
25688
17298
11555
