21573
16830
18308
25195
17143
20930
20743
18889
18428
22530
15931
15573
25147
20997
19934
19088
10600
10990
10813
16161
16176
19777
17550
30718
24625
25037
20079
20073
16406
15070
19427
13532
11843
12720
28286
19278
16395
15848
18545
13019
16573
10297
10525
16786
27075
27971
19629
15308
16984
17526
13247
15359
20467
20856
34643
13105
19620
16527
11421
15582
15832
9011
20521
22739
19501
16204
14442
19640
21081
13310
8753
23663
21940
23274
14136
23015
15113
21295
13425
13683
13226
14249
14920
15137
18547
33681
18810
20053
13917
3089
8717
12190
11027
11544
13951
20857
19789
17150
17693
16028
17092
10620
7266
10640
9676
9173
24320
19428
8136
16421
28399
18592
17496
15712
13240
13634
21159
23974
15668
18191
15005
14779
14391
11710
11265
9117
15032
15870
15013
10891
15504
18060
16413
14527
16925
18819
13765
13257
14471
14423
7615
9998
10256
11179
12249
9875
19603
9162
9899
8664
13203
12494
12173
12022
13502
8505
6151
10590
17147
11235
13286
10057
11966
10367
14444
19700
9851
8903
19696
8489
10563
13420
14386
20535
13941
15140
13960
13054
18147
26313
32918
18583
18800
10953
9116
11718
15803
11947
14536
22251
23290
23108
23281
22848
11725
16980
15349
11471
10615
12720
12308
15873
11435
9452
8370
9311
12534
13692
12370
10193
16011
13357
23615
13948
19359
21918
39301
19739
21367
11620
15512
20992
17788
8954
9860
9610
13030
9255
13067
11520
24207
19266
15444
16135
20859
15678
11746
19259
17090
20426
11777
12644
14906
9835
13904
11700
17193
13270
14227
9184
14146
9345
14229
14076
13062
11135
