28561
23500
30080
22666
55384
18661
19725
25525
15723
27646
49114
23380
22057
26880
22763
19986
48865
32028
27511
24106
25775
15792
13697
21376
27104
26060
21125
20140
15069
31794
16911
11169
13536
15475
12346
18918
16293
11196
26465
16497
12461
12928
13941
32028
44903
26425
11503
19916
14994
16277
12754
17373
79285
47987
16608
19144
14959
11090
7582
32440
20331
12053
13955
60162
24493
14087
13028
16361
13470
15598
9480
11913
8430
12402
14260
8133
8926
2313
10961
8711
6897
9090
13460
11743
24187
15903
18992
14693
15682
19246
18845
23303
8396
14305
16680
25771
14191
17491
9283
12046
15209
18259
25608
24006
158257
80415
29936
26563
18766
17848
15523
16785
12628
14279
24353
40978
26128
23972
21941
21879
24307
14032
32320
21722
30517
12257
16834
13366
11622
15307
22614
27829
17707
16634
15838
24236
20429
17214
24088
19602
14274
19391
19939
13159
24784
21955
17729
34550
79586
45942
28119
49583
25982
21411
23183
42158
37380
37033
63667
31258
34627
38492
29300
74504
34257
28550
25944
43205
47600
28856
29134
20350
20058
30395
32497
23449
25793
42372
38123
22981
47930
37256
21099
28147
44525
22418
34008
54718
38202
103951
51792
37469
25393
33556
48280
36562
24465
27076
17592
17164
35203
26191
23211
20997
31310
28295
58682
31323
36461
49143
28211
23197
23260
20091
27710
25251
25132
10877
21951
36455
16392
17828
12847
16201
26216
27650
43276
24632
19938
17979
14678
26481
30345
25670
19528
30566
11932
23145
40017
36262
37640
50000
78940
66126
65222
90587
65854
63670
64416
46349
48064
25316
173535
200083
80589
42432
