67454
82153
69925
122067
65732
69532
70322
49652
56423
44383
83752
71970
68947
55389
90635
107443
158121
76865
58494
40958
77880
69813
64089
65658
94574
80561
77873
112760
101761
84967
81523
72953
54991
45144
59988
70447
71931
52083
32088
63516
63099
39277
50124
40932
96484
76480
38791
22072
47352
41432
41686
42187
54098
56464
38016
29950
47523
50204
36360
87014
66883
80912
183202
70645
56725
37560
14338
20388
25942
21254
26586
36120
79423
68380
68258
202932
83905
48523
47008
70662
72164
93417
58025
55055
55981
37899
111445
51429
67565
76034
48036
47538
71576
69578
75054
34693
59533
54834
78873
37035
42550
44939
37259
48262
112222
71432
86840
270668
133086
193295
117635
70160
80464
89944
74297
60692
106655
62945
35262
62832
37118
32358
45807
108175
84858
93057
65864
55045
53109
56103
78093
47739
94074
68470
83253
63618
55508
26603
60613
33982
68985
51895
68815
62165
40052
66657
92344
56037
59606
78366
80848
259346
103535
90735
89096
93878
98853
142608
122321
137387
115437
65709
98041
67259
106273
92577
98600
114579
97272
177665
160553
54753
59017
43740
163917
75060
67271
61399
134486
97191
73865
57936
62152
213086
90915
92330
73481
61158
67133
56846
50552
36489
122764
55584
73592
67878
85815
61729
22837
54727
57910
80117
72222
65161
51349
44094
95535
66554
59939
91235
54378
148174
79709
83287
55956
50240
36089
50669
59676
49723
63922
31346
34010
69900
45502
46034
19399
12680
11485
14288
10562
9327
9715
13995
12760
11001
6274
19732
14915
16459
15698
15223
24471
17226
15920
15778
10188
15362
17013
9096
9146
9900
20995
13529
16943
14727
