14882
13605
13979
10632
9159
12732
11209
14220
14843
12871
19288
28826
14293
13191
25647
19364
20517
16401
10569
12866
15812
13184
17020
26055
16947
14869
15425
19540
26991
12263
13011
11185
6778
14205
9784
9448
13765
18639
16523
21672
20760
15822
16181
17386
13628
11874
9939
19260
11927
8323
10283
3686
8304
9115
6481
6006
11137
17614
10150
10549
11514
15914
25474
12675
12546
21606
11431
22147
20689
30426
27892
31218
20611
17318
19819
16525
17811
9945
13332
21448
15083
12568
19923
12327
13957
12908
18358
26970
16851
14738
16371
20446
13864
18372
17072
21839
14845
11880
11730
8819
13554
17643
13025
11765
16044
11471
23797
19709
25103
19898
26438
22969
19047
30208
14870
18006
25640
21311
24624
23823
23036
11110
13065
15183
11637
15491
10792
19385
10652
12412
11788
16958
20903
17109
16865
20113
29770
27739
15353
17423
21312
27525
24091
25390
55675
47828
21341
25918
24281
22732
26116
35814
43134
15721
48418
34091
34346
33892
43744
34422
52575
35236
21096
30142
30426
20553
16902
18759
19857
20274
14162
15318
15761
18252
17820
19383
26443
16234
18800
31193
27534
20861
23049
22937
20000
13894
13039
14030
19636
11525
19638
11806
10432
19097
17166
14692
9935
14707
16670
17692
22703
14032
22978
13938
14083
15067
12680
15919
15825
9839
12401
16949
21746
12033
10426
95408
75552
56677
43907
38748
42344
46875
55474
52835
50996
45631
38678
57214
79281
36885
48954
97328
65037
47774
42285
47463
46573
37007
38967
28412
70513
101806
67129
57767
72422
62264
41505
65348
53512
50238
102629
48691
76385
55163
37869
60654
