119176
57393
69725
55729
106746
65821
57350
48866
46175
40741
38009
54729
65995
44280
72651
37587
71505
107431
86894
60471
52256
26914
54044
52721
50130
46573
46545
53949
63746
60060
77976
36316
59388
32856
45096
50499
58702
53615
37957
30727
6669
22992
35444
23173
16385
30557
131517
83493
87050
68140
94101
55545
48244
43617
54897
54596
43961
64091
79298
32791
60871
78954
75050
76237
53968
68161
34714
71904
79473
69630
84869
67863
70343
85101
57461
91759
64752
59214
74295
65972
55012
54737
46860
64119
70415
52648
72630
61715
44962
48356
49937
26576
42007
45039
45786
66278
126730
142120
91418
148045
103664
90002
69138
73143
51169
59640
53016
58797
49380
53239
58336
66874
41622
46513
58927
56259
77958
68308
90981
111043
111354
89155
82887
89225
75925
88162
110830
49780
51392
67589
110165
116650
87654
56467
45253
48147
42224
56617
52120
94011
94043
90096
71620
108415
61203
92719
137635
127308
91276
120769
120233
83848
113200
118522
69694
79923
81139
61064
54540
46345
35850
43399
75207
50650
48366
128411
37226
81499
79048
79418
68308
50470
68378
125780
52040
40997
71993
36898
44382
64946
44546
46533
69277
94829
90306
58706
70452
82186
68972
52885
53780
65908
41337
50157
52170
73805
111300
104616
69070
52263
56640
79366
51578
67533
24299
22081
21791
21475
20284
18859
36222
32093
30881
18463
21334
31078
16431
15228
18639
47870
40618
32273
24944
19568
22325
28727
21956
17969
26696
27856
28026
29392
28061
27383
22236
19434
16133
17675
11217
34014
32913
37121
41283
29443
51895
37786
22846
23613
33075
29503
50518
37021
29378
17509
18959
31064
