30219
34984
32015
22855
34890
28653
42506
39942
28453
37945
43924
36403
34441
44377
43543
29080
21414
22100
25299
13645
14581
19918
21608
18173
29477
15535
16458
8491
6542
9334
7219
11979
16655
21714
14816
24493
28330
14492
17880
17347
22772
14978
23272
10522
19204
44742
38869
26425
25692
30890
17902
30128
40043
18495
61399
38122
29366
42193
57462
39228
30770
41291
30879
23808
22176
20673
12207
21427
21834
19687
19010
19454
33517
25373
34620
34793
26958
25980
30574
16949
13401
28976
28978
27279
24305
42996
22979
18460
23164
22013
20469
14120
15184
19913
20044
24054
26965
23906
22192
22852
18430
21654
20083
29697
59957
33510
28350
37048
36388
31427
29848
52443
48161
42940
70573
26268
33487
41415
43895
92110
65221
43506
22229
17236
35359
26406
40374
38796
81128
64884
47318
42061
35449
24592
27931
32710
24927
22378
42971
30755
33096
34712
24250
17821
19889
27861
16574
16439
24019
22165
20780
17481
22617
32945
21771
26613
28405
30216
20837
29273
29215
18517
18940
13951
29872
18116
11950
26211
14369
23038
19227
19062
15927
15996
22333
20947
36361
24942
21364
24513
20273
22244
28325
28756
31586
20962
25940
21644
31614
16449
14198
16436
25196
18387
23994
29509
23451
14895
11437
19656
13680
8897
9075
10582
10002
19946
24526
11050
15513
15941
23048
17735
11596
22987
16283
21128
14534
19925
10220
11479
19398
9523
13101
16207
13808
14265
10602
12641
12636
12843
35808
59652
65111
47234
41414
47893
69838
75185
102779
137164
148935
79637
116078
82189
94062
69468
88743
83108
95437
99821
86601
94925
89361
104558
85913
63812
