94031
96076
86131
83437
71614
139698
81825
111928
66585
52260
96474
71230
70915
71134
81329
67635
74092
61966
57865
92389
74661
96335
72378
117468
117378
82538
103218
98284
87445
89912
66817
97018
76127
69945
96183
78775
81111
59700
64093
102449
105053
88519
166821
95301
82730
92830
73897
79738
57684
59112
59943
159885
146118
105879
95975
68339
20993
46102
41489
34058
30264
56265
71904
80191
76228
59540
64231
84586
55551
50549
90452
64083
121430
154719
130600
84065
83771
89429
102000
89320
115491
87178
109523
126708
171705
102953
126852
86313
112108
81359
112047
120856
104123
85680
62661
80620
86179
165626
77669
80469
112428
77129
104628
74085
55874
69580
90144
64690
56571
60288
85372
60660
64265
78296
60202
62362
87884
96408
68842
64418
68636
56262
77871
55174
69191
90567
64332
71508
56851
55348
47626
40970
109607
65816
56461
52266
54500
49428
43233
107485
117150
93628
79332
75837
87151
106031
168430
163017
106873
177854
137585
101999
133599
90742
117052
136860
166288
108002
75643
122998
80859
77122
69809
111915
70997
64854
80984
87281
116661
91346
73681
47938
74531
73071
111045
101878
119411
99784
63335
88066
96501
122038
123379
116026
111256
144537
62934
94169
84461
82868
83438
63032
67891
55250
76406
78219
108120
76065
63488
62841
59277
63095
143418
109371
61288
51952
64386
60050
71846
52523
59249
36741
50223
55945
68234
44375
35408
49839
53966
42907
26287
16510
23568
24527
13983
23197
19896
30520
22267
21675
12117
17225
20315
35787
20136
19560
19536
16258
21965
17174
20309
30179
22904
43733
15789
25079
31426
27090
18327
25381
19598
24537
20113
12223
11634
12936
