25645
28390
20780
24238
25941
35014
25095
46884
34763
42502
38296
59366
39150
23273
34424
31396
46048
47086
24644
20128
18431
22269
22996
25245
34509
50379
17140
24281
23211
29880
21448
36571
23017
25851
19664
22464
25070
17397
21184
23129
44671
32128
17375
16229
11913
7733
14835
9034
11546
15624
27133
34515
29008
29104
61844
31245
25602
25825
12790
20589
11591
15037
89104
46709
29876
24341
35328
38740
34746
56889
34431
24221
24125
28353
22535
35037
23946
29015
37892
31149
20575
32839
24624
25654
24123
29281
18049
90914
20466
25137
17628
19792
14508
11192
12437
16779
14422
15315
13214
16266
16069
14106
24576
11695
15040
15096
12540
55226
13569
10897
18902
19269
16907
11587
19993
14314
56317
8737
8697
27913
13702
33660
35954
25768
27451
19971
21047
18670
27173
31838
32078
27411
28755
32243
42602
58240
54987
43099
34081
22301
19122
24991
22500
35525
45121
37520
31058
29834
60059
49790
25978
22517
28268
29822
23862
34419
37073
41532
33907
25281
25840
21991
23336
19205
18927
15564
18212
24218
23716
20252
22359
13414
32700
30511
32280
32913
55026
36854
29168
25532
26285
21767
26691
80950
41279
30559
31126
39724
31753
17301
29286
27616
23920
27565
27300
28729
23649
21878
22343
21775
22154
32230
24002
17925
17062
14843
22186
19588
18887
56393
38094
45812
33498
47704
21445
18386
50405
43852
35215
24264
39960
46632
43420
35747
37046
60866
36905
28813
23681
30935
108930
65553
43736
25266
86908
167937
82590
56420
29682
36514
21906
23412
22174
15500
17655
36579
36618
36542
46283
33899
33283
24977
31745
29535
39279
37051
