26445
19088
22867
24745
16701
16522
18277
25950
19635
20245
24632
31536
23580
16122
19965
11747
23152
19876
14842
27587
25450
22370
36277
58595
29931
27150
23144
24012
19099
29199
50808
18498
20597
15371
5755
14120
20208
17330
15869
29931
15688
33498
17969
18124
26695
28714
14122
18279
28233
18633
20021
34958
33300
26874
16778
33901
17895
26006
16019
23848
19723
44812
32777
20443
23595
19246
17525
27880
24070
26601
16170
23745
17162
19347
29045
39919
49083
26685
24612
21676
15766
18650
17710
15106
13982
17400
18021
23785
25268
36879
109240
46974
29240
22465
27673
28304
21654
16306
16153
19790
20941
17704
21070
22128
26026
31255
22168
17563
17011
17536
34348
21976
23961
27002
34622
25378
15126
27542
27030
22709
24674
21071
36326
43276
65825
53756
66194
34388
24890
52442
47535
42361
47139
58697
62641
42660
56672
52910
41818
36859
38892
36710
31652
28392
38509
27641
30658
32285
29578
22021
21866
21744
31751
29506
27991
27980
25970
29147
90260
45225
31801
58302
46378
51206
29067
42187
42929
44504
27406
22224
30324
29140
35258
34259
23950
37010
39472
33820
28797
26229
26031
21141
24161
21757
25670
31809
30394
20164
19247
19734
23466
30380
24380
21986
23814
25309
24702
17879
31694
24571
21322
27228
21139
13698
19232
30898
22692
18532
24361
23089
17117
17886
22242
17643
23016
43517
40779
21672
20884
25851
20139
12274
16086
28129
21631
33531
33744
22983
19167
20555
34662
14732
10633
18894
25335
25542
30491
25854
41452
43259
21873
24971
40812
38314
30955
33114
25104
28587
24714
24208
20838
22709
27499
13630
19310
21465
