17596
12453
13021
12104
8483
19939
31068
20596
20286
42050
15508
23217
21419
17419
19011
23480
16762
18274
20999
31581
12632
11215
12150
2330
14357
10463
7857
8616
14601
16803
19921
42924
15573
13763
14914
24662
18470
16685
22227
16792
24232
19722
22579
18786
27817
24155
23362
33691
28987
19641
61665
25654
23454
27206
23790
19128
25436
23812
19530
32925
27664
17273
17613
18620
27651
34120
24483
21228
24929
34225
13783
12725
18313
14181
13024
18720
17393
15572
14871
14973
43421
21508
21434
16909
15688
17588
20192
14266
19694
15818
13809
14334
20072
16578
18137
13888
17772
13776
13210
17347
13482
16203
15057
18474
11429
16073
19962
33330
17920
20244
13654
21487
15673
25525
27969
28427
18880
10892
9073
14532
14900
17643
19684
25378
30336
21205
40465
34276
22411
21035
20309
26540
18542
18948
23035
20723
18782
15413
16210
18864
26963
22161
17581
20192
19835
18620
16025
20446
25155
21787
35725
37896
34627
23252
23979
28017
19959
16293
22149
22617
35419
21238
20493
21578
18395
15705
30139
27246
18728
15470
16525
24624
23178
16529
13345
15848
20047
23785
20213
21789
21703
20116
21784
19302
18966
23431
19929
55337
46041
46753
49025
44250
59018
51961
59843
43884
33172
32215
35098
35367
73992
72102
81396
72471
57165
57823
47143
47399
52448
50930
62090
38918
38701
63555
59055
53796
37279
47313
56001
67833
41067
32756
42950
37461
58249
45510
59081
81786
60892
52410
58198
152760
107052
89668
32337
41434
55234
39356
39472
44687
37602
46931
45777
42416
47165
50618
45584
41937
40646
24933
60560
48170
45097
54178
58885
44188
