70904
40263
80186
47858
35936
35714
48438
40990
87359
32839
31914
31548
9035
23762
26361
21532
16983
48564
42204
47011
37075
61820
49415
50633
50759
38342
44725
39392
44049
61732
66005
48864
45561
58027
80904
95634
58315
49728
89228
78519
77584
61011
76527
55037
58444
58151
52140
51088
44171
58732
58927
54164
51174
58984
38863
42823
47674
44336
55906
63500
34462
34077
33405
27943
23707
27059
30100
38965
38249
67051
43196
45521
41754
52763
88728
54432
53632
64564
57122
44442
46725
72394
58497
37083
37657
63857
71267
59755
87553
52119
50376
61907
43843
73147
73446
118759
79160
75445
101081
67335
60426
67847
92153
100737
90478
98352
44896
54365
67430
57988
53445
71282
94037
84965
81111
82397
100241
89083
95926
171342
109128
76114
61821
78166
75297
92050
53717
46302
66039
43300
52455
55275
57774
66562
92438
74366
84047
93504
64526
84000
95261
78029
38765
52880
59183
45214
45067
41187
38166
39982
46757
52346
48133
54210
46893
52190
36657
34631
40943
52319
79128
61135
67492
40950
62885
34689
39286
43022
44435
43719
48397
33410
33248
34350
25899
39675
24615
25792
18256
24169
44732
76062
48338
50633
36435
36529
35130
29961
24627
58231
30503
27532
29069
27148
31086
19140
16993
34642
30923
33393
28493
71045
50329
28448
33747
23459
27334
34038
17167
24891
32313
37410
62747
46369
32210
53638
53058
23445
23579
24514
27630
24858
35502
35750
25553
37360
29400
39416
42013
44945
38967
25000
24870
17943
20884
17746
19456
9884
9734
29943
22802
57205
32125
77400
83435
36118
33000
40859
26545
32860
40128
38738
66157
50912
31721
17176
