24114
10902
44998
43146
31424
24024
48152
95492
91401
64070
54857
55207
46377
54307
43913
73207
62936
54985
53582
48596
31578
33425
27742
43652
60289
58309
91393
53940
48539
40177
50362
43748
36108
38208
45334
26946
34651
28955
41449
43105
21651
24079
46306
77913
52204
115607
1413344
381655
157709
144396
159448
72156
106700
148171
53324
69698
87239
54166
64741
101742
34819
37531
35542
40500
57594
125821
113256
99255
30362
53695
42697
42299
21702
70082
38044
19017
31558
40613
24229
14604
14085
22963
26423
26034
29947
42575
20818
39188
18675
27348
33272
93956
86771
28336
83804
56592
78830
53196
66451
64876
84049
80917
48472
16129
45496
43456
28026
31402
26740
24114
31653
36681
50094
59189
42043
26497
73032
65685
22522
22683
18111
31903
23041
24027
23495
27858
59960
14546
35739
40950
53842
37194
35468
29997
45064
23943
31232
35631
34348
28040
32119
40151
33421
12484
15581
10588
20392
15814
19101
27560
28064
14096
14004
18282
19371
16316
98531
105436
60669
33596
30466
30724
19563
29790
65175
63730
39935
55791
58255
37852
43630
35605
45361
40441
26898
34664
43483
51922
39919
51587
55363
51948
50763
44542
53423
41670
56326
46656
18574
24259
28476
28327
52320
23234
21556
26103
50280
51960
36024
57352
57634
58075
48121
43230
44471
33656
36714
42759
31305
44679
34575
37098
43975
32124
27441
26542
49052
30687
37911
38734
30135
25496
36264
56237
31606
28395
43685
44937
47639
38494
75852
63423
90642
39589
45796
37417
41487
32617
44864
40472
52597
55568
22884
44645
56662
33858
29455
35781
27962
55390
56939
30041
33774
60323
39444
30916
