25197
27608
33499
21687
38330
25034
44602
23624
19401
32310
21519
33621
42153
32492
28780
29297
32345
27636
15194
17800
26214
12731
19318
15778
16778
19043
22165
32488
36228
22787
22146
12818
29808
29277
43982
29954
23912
15389
22798
17048
28995
68307
29575
54270
34576
19557
21285
32990
28144
26302
24399
30679
28033
27350
23829
28700
28760
43765
33416
43841
30741
45756
22395
33957
55737
39218
33528
27421
25199
24430
25791
38790
18745
25692
44746
62104
38021
25033
35813
24898
47001
24638
24180
34261
66200
44767
41320
37503
30270
30887
40035
60284
40794
60778
92049
38426
55481
70358
30967
36455
54521
43865
63325
52016
28007
29596
34446
25041
26164
18916
14667
22326
17359
13245
18180
24569
20417
26731
16586
18634
17071
17819
16415
16382
16756
22642
15969
17575
11947
5943
7996
10214
9937
11648
18844
18038
21159
31614
30423
14524
24661
14975
26771
28058
17793
31147
37125
27282
16008
24609
30197
45240
30382
23081
28674
17106
29293
30114
31279
18984
23912
35101
24189
25120
22534
26935
32906
16654
19973
17152
25630
25793
29155
14233
18343
26143
26682
18392
23693
19795
18796
12720
12776
21423
17428
22489
31756
28115
29336
28433
28876
19091
17961
30597
19457
28631
26021
25091
38864
41734
26439
25090
29031
34039
25655
29136
16049
16957
22668
24527
29238
19749
29004
50576
43046
29718
31498
30075
32265
48663
47692
35081
28326
21217
19993
22870
22124
27490
34317
34690
37476
22528
29498
27958
25379
27473
63986
34371
26981
43029
33486
30021
29961
35811
21778
22203
29660
47983
34184
36104
48535
33636
26169
24279
30630
17730
