54606
40902
57160
58085
55463
84988
81407
55464
41870
81676
38177
30772
43475
36727
42528
33210
36920
52688
43707
39617
57610
31498
22534
25268
19717
24909
20774
28173
19985
23504
31953
21765
16965
17949
24808
30305
25602
106999
80190
52012
80910
53738
86093
42404
112879
56083
86237
40436
122207
117030
169493
108503
103338
84556
80496
117167
76796
48064
128567
131014
52855
55421
135573
133759
159912
85842
66482
77783
56655
149194
125609
97901
89046
153437
84502
61685
62059
55866
82924
62608
99745
89697
79300
81003
42274
38790
39200
51594
58246
50139
35774
85561
57421
41458
92886
60718
33953
82941
52799
22867
54085
53893
50515
50005
90849
45802
61989
70937
69095
129498
65824
67360
95459
40258
47639
32801
29764
23169
9341
27156
42505
22073
37438
60926
51660
61004
43176
40571
44109
39490
65496
70394
72907
44469
51712
90160
69531
47728
60387
62544
59140
58514
49642
37720
39934
57727
68479
58173
47943
42638
53592
55001
27871
65559
48571
33522
35098
43207
47607
43126
48159
46909
42904
27919
32098
50126
36295
51421
91699
126514
213566
96811
63048
84158
52514
70027
49831
43847
82723
71010
62929
39701
42857
39742
52003
45902
49617
59584
65997
51256
68015
54900
99876
81894
70615
63034
41061
88103
126078
71976
65063
65165
76484
61643
89174
64553
110013
103410
114654
145885
100661
69503
53734
57712
73444
85392
82413
84975
97206
90803
45997
66757
77852
48804
68836
92087
80013
58067
78302
81391
118115
90319
72778
128453
86041
93149
108530
59694
44849
80478
66670
100169
69649
46637
67826
110467
74493
118149
53275
72883
119665
50607
28556
50260
58195
54832
