44490
35569
31616
53705
44582
48004
45373
29124
56455
42285
58743
42155
35079
27067
28733
28100
51705
22257
35780
34149
39346
19212
37082
33826
26762
53754
148347
115438
84052
50894
83594
55783
61759
60681
36543
39170
56472
39856
135760
126884
82550
74798
60198
83350
48944
75512
66266
83908
74179
64318
54262
56751
91314
76473
68813
125128
97826
92966
162616
139843
75425
98248
55189
60506
45195
44501
68898
44386
42630
55641
58381
69101
79560
47256
33300
57611
57726
39231
50518
65929
45104
83376
153107
55196
44773
52384
46563
25316
54131
92422
48145
47292
109116
81442
76621
71520
91811
74570
38410
35435
34628
52509
93218
43183
53995
29846
14368
25719
24226
30458
43064
53200
79338
51938
53730
47183
55290
73295
69344
54744
53377
51293
55458
93204
92464
55948
52273
57225
91929
87285
56793
83629
54004
89374
98563
57379
66108
43565
57111
43973
72970
116147
198864
102541
62460
79645
93707
75908
60762
90513
77091
74518
50979
65576
53193
48082
72043
53457
45838
37560
40103
50948
32096
87865
36252
53476
49082
60137
56797
32045
37470
35244
126116
50161
40686
81547
52525
61074
52310
39832
51296
49567
76052
46665
57184
53890
35924
53503
38948
53378
57450
63140
41738
46056
54452
47707
73453
119327
91813
58585
43801
33021
85272
61923
45433
44956
71423
93495
44358
83652
106103
275692
123679
135844
82573
108905
122722
106340
112036
81720
66157
125926
76540
96897
96756
78933
102621
77097
50989
52496
63831
75456
38084
61092
43888
83981
52098
52824
80046
74937
46889
49905
49091
56231
71840
82912
53318
55583
61327
63056
82145
60042
52553
39433
57439
42029
