24025
17473
16627
21109
13283
14386
18470
27512
20601
16910
16044
13483
16854
16510
10070
18101
29973
29437
29495
15234
13573
18061
17728
16204
13316
15240
18782
20477
16602
15618
12993
14804
19624
16805
11526
21965
30116
25073
21355
14754
26622
85554
54616
21956
31170
27044
23648
23786
26423
21635
19619
19990
42015
38911
30080
25817
22684
29017
19281
19377
19267
15124
29842
25544
18540
41067
31302
22643
27324
19577
26616
24991
30745
20984
25937
26868
38984
16074
21119
15474
5851
11732
11388
9347
12671
19671
21260
22422
20010
13677
29252
20188
15172
20125
20519
18971
48632
30396
31574
12141
12986
18901
16158
19335
17647
12119
11148
21336
25484
17808
18690
17775
12275
17890
13254
20458
14991
43494
24578
14835
15800
18317
12416
10964
12733
9231
9286
14121
14891
12254
25095
17768
17886
19362
15133
15844
12505
19225
11474
9440
9542
17996
16130
16410
14027
18707
19372
15152
17589
15629
20670
20820
17069
21288
30533
20931
31283
16732
75489
35442
31975
22317
18642
23726
15088
22265
22090
16193
18325
15817
28831
45394
25647
20387
20546
14318
25390
15755
18409
15821
17352
27009
17640
26048
15971
21152
22298
18428
13028
12477
22279
14579
14922
16112
19908
15833
16436
13125
15261
18424
29040
23847
19976
20183
23095
56592
16211
33806
24592
31882
35222
21191
48831
34347
16965
19800
29920
14265
22154
13827
28948
34609
13755
15617
12419
10715
11481
12201
18672
15619
16535
20790
19872
14163
18676
41387
45895
23158
37320
31049
24532
20345
15867
7697
8395
9187
12951
10860
9135
16458
7359
8568
