8395
9187
12951
10860
9135
16458
7359
8568
4834
5909
10321
14630
7614
16625
10807
8741
19267
8622
14902
12620
13487
10257
6699
13340
18809
16108
19561
41490
17083
10056
12016
12590
15220
11697
9394
10936
15877
10861
14552
13241
10881
14500
13542
12287
17942
10875
8992
13216
14363
20220
26972
19797
21020
13075
9022
16438
11836
13278
20095
13047
5275
17883
13537
15139
7912
21033
13013
9930
18754
23329
21248
13428
11620
14472
17385
23298
19186
11608
8828
2086
4142
6619
5169
7745
12067
20141
15502
8812
9696
14418
10833
10778
6029
25489
12047
13474
16395
11782
12274
8871
17877
13363
19107
13974
13495
14074
18434
13904
9755
9264
10441
10505
11872
9577
11769
19466
13162
6482
12570
15827
19188
16189
10709
11530
11159
9220
9700
8309
9928
11887
10517
9762
6729
10948
13018
11665
13175
11700
7553
6666
17639
12313
7536
16141
9146
10083
7098
6384
19153
12843
8327
14856
8429
5741
8436
13617
13904
8774
8462
10200
16613
13375
15150
23262
13528
14117
25882
16225
12603
22913
29706
13310
14416
12940
10785
16189
9240
15184
31893
31316
21903
13346
19332
21283
14258
21888
14248
14799
14762
17874
12362
12601
12199
8847
9759
20253
16765
18175
19125
11719
14404
12641
10583
10886
11237
6315
15142
12426
14321
12286
12379
11475
21108
14725
8264
17322
15917
15317
12362
8808
10784
10443
9236
12065
11894
14878
13497
11397
13304
12512
10898
22801
16000
18332
13362
10661
21501
11594
9610
8609
11462
13076
10451
45679
42712
39914
42960
65145
35865
39107
42850
40676
29157
31779
39424
54055
