58973
43789
90111
56727
102970
48758
42051
41115
35804
35295
33944
35447
41608
51456
51908
59646
49421
49741
32140
65618
47658
37037
38891
38888
42519
47708
42866
57219
57953
85750
52294
63694
96496
96839
45642
45559
60492
49600
53654
49756
35305
42743
32042
40196
36017
39635
33752
31644
46398
22658
53451
40431
49570
43405
47241
29692
30924
47142
48960
47069
39072
36268
82645
45809
72283
47620
46863
31508
20378
39005
29204
35299
22902
49239
36101
66508
47380
66122
45231
52107
33974
44540
39223
34383
50494
57131
70936
59917
75861
73399
67903
66536
48053
53578
50497
91818
84215
47483
50443
61477
59569
59823
74595
49832
62330
70404
53991
69890
57673
59434
64577
57295
57213
44007
45171
49640
53291
49523
48687
45241
60523
50313
69924
77214
45040
64944
32569
58638
43136
51806
40339
34116
28333
30345
29709
59074
40889
64886
47156
43976
32620
45276
50422
60276
64227
57274
65138
53334
65673
55771
43082
73930
48211
44601
63806
46992
54375
78554
79312
83730
53795
39240
39478
48719
57720
61641
62706
64512
79889
95555
44607
77965
66524
54123
38162
40914
44527
39420
56278
45354
63618
64344
46454
35355
37675
64986
40974
52747
51971
56562
47512
45947
49735
57377
40634
75869
46216
69196
37490
46059
53769
46348
26933
36329
27817
38924
33051
38720
25783
40475
45702
44212
58621
32280
39454
27950
28611
26085
23148
31842
23132
24157
30788
15512
27915
31073
28668
19949
18810
28433
28376
25363
151858
115369
111026
108580
137787
220997
107948
184235
101174
133504
128269
142925
151999
178204
122636
136533
176765
230782
151185
147202
90355
119766
138233
94394
