116972
117751
218988
249989
153118
188523
190340
114901
310445
154649
124784
150530
275486
273106
254731
173907
165045
126003
94846
107392
120423
147959
193431
238788
410277
204574
195414
217905
97130
100707
87535
113915
208484
106731
97745
104664
110486
69982
127460
115490
150585
165008
206142
683046
268925
167926
104260
104222
101388
111537
420942
254048
203268
106956
198294
110574
34203
116439
118969
176024
175098
200088
182174
162291
136947
119543
139163
156872
127236
152200
204562
136333
179934
152157
266995
160918
178673
203132
171954
193676
237457
212453
140574
195869
151213
111291
232539
133956
174000
195053
113647
219139
378940
127656
114530
122443
111478
144242
98353
138967
134670
99824
139364
158224
109837
207739
104642
135164
130087
89727
166250
162799
185255
146158
108854
123403
109094
123802
86178
98633
81033
97459
84917
103408
202314
204382
259462
204400
136624
162173
225179
239443
479465
273625
169554
224059
164239
188230
122782
151677
168083
246790
267055
269771
327850
332738
250778
288427
244822
207334
225356
312999
623276
214075
168558
206651
282283
267430
166129
241692
248751
178393
136297
131895
162328
146595
167863
144389
241936
174295
152941
110536
93779
132165
91619
214839
233251
144958
204540
153519
181324
126865
93007
165297
155792
184260
184284
178004
152139
195854
141374
180828
338969
238271
322151
199609
290246
156234
115652
204400
170886
170877
330201
666123
246169
229264
238860
213941
200190
185041
116626
193139
199036
335899
449437
203558
120368
403774
326328
38231
72446
86393
82026
42171
72779
52402
57636
41299
37502
65109
45151
38228
44935
39249
32906
24850
29408
34987
66038
43750
47559
38901
23570
22657
17123
29104
54879
39230
33383
35150
29945
33636
39408
36578
39147
71649
