42445
50195
49643
55248
61336
86835
55483
45552
38032
33470
20684
18873
16542
24642
18712
21774
27889
17857
14999
30592
46268
19611
21300
10300
6156
13480
11524
25333
35046
49869
21120
28519
18202
17509
12876
14186
13214
16742
14684
21004
29202
19917
19619
10032
13430
9227
24282
16627
19723
15063
21068
12860
26343
16844
32847
24208
22681
36043
20401
21007
23901
46535
37618
79965
39324
44998
36505
30508
28696
45268
59882
42846
25722
24356
22676
23325
22931
22476
22070
22104
19720
15305
31158
25055
19765
16217
19838
24363
13248
16162
17163
19270
18733
21850
26081
23306
30459
18856
22666
13172
20976
29737
27737
43335
37871
24182
22420
18775
22648
19941
20928
57207
32005
27081
23493
18978
19572
39039
38551
31683
31923
32822
37667
81984
25288
24102
29086
33346
22213
29732
18184
59507
54620
77000
53029
28662
26701
26011
31244
43198
40743
37524
38174
59985
64432
30973
40445
39145
30109
36653
30496
25505
30474
28328
50445
41784
49694
50167
29125
33316
45487
35795
21289
23302
26523
19600
26100
25298
28336
25081
25055
16350
38539
16212
20878
27226
23061
31519
33167
47551
45059
36679
40402
18657
21612
20882
21135
18965
15782
17841
18145
26251
16056
18753
27345
15432
15551
16331
15203
28349
29737
22956
13853
11411
20361
17866
14928
41931
38348
48336
48283
27362
24392
51051
76319
44276
60759
53756
77805
107701
55559
37461
52032
48823
48776
51490
49586
57836
61268
51326
51344
54624
59874
44481
55849
47919
41593
49103
96906
59174
35142
16984
20147
34171
31319
45597
21911
46497
53116
38266
34084
37755
58032
108747
41395
46698
