25317
26433
35448
34889
30482
39364
24437
31580
24416
25251
23213
25745
16974
9204
23511
27011
22748
18316
30849
24013
25777
28028
22827
17828
17991
17345
20957
26592
36486
25172
24800
27929
3643
11915
15482
10343
12289
29257
28853
46764
36131
19158
23216
30328
25139
22042
45553
107314
44726
54744
46157
25336
38190
48371
45050
152266
95502
77143
45987
47467
57764
60387
37760
48964
60391
32927
49690
39379
22320
35117
24059
33807
39462
40205
28443
24306
31584
50866
32047
41111
26140
74790
89693
46437
25657
27694
24871
65141
39160
51330
52409
26013
28000
34355
29251
23162
21241
41304
59833
28461
49464
55552
37801
27430
53157
31920
43258
31092
38318
33750
37748
42689
46210
61571
62608
67778
40331
70483
115131
48423
49102
56926
83664
92967
45393
45258
46087
37597
67658
57347
46655
58263
71732
53526
50198
85862
69330
49918
39312
85289
60777
27638
53235
62841
94234
58905
44136
29319
25401
17769
51925
72058
37255
35774
53205
55379
68753
63003
34683
55702
63955
58099
33146
42402
37802
33962
28396
54754
35935
36999
32709
32823
24990
25557
27475
27030
20703
30498
29214
25782
35374
79456
108735
67974
26611
17725
18202
27924
41446
45262
22662
16910
16903
216631
41407
33510
154908
94231
139578
133600
117635
143698
133576
195036
118258
137392
132104
119049
165472
205023
113745
236576
156924
205081
306234
173748
129410
138935
187423
174138
80544
112443
195295
216613
104117
93998
151602
141758
158539
139231
99604
117521
128079
279009
164517
164975
121561
147249
120594
146983
206142
189394
162116
172810
112260
129638
101874
97416
112429
146848
102617
120446
105655
122505
158033
125692
