100257
124999
170945
136552
89969
148076
216080
289821
215097
122780
130926
109759
78833
245845
204212
221520
286669
182458
96163
100848
30987
62269
89411
86766
91700
145871
196076
270307
374579
196572
105394
184241
252372
179731
196070
105821
213666
215812
226664
203602
228451
214007
351766
342437
293073
366977
466791
340946
289881
167054
242051
189671
294191
217002
134734
125996
98799
142929
122162
155611
145440
141684
149659
207278
185986
118439
318994
197358
100843
115190
154098
173288
223770
198984
247473
163152
177094
244665
140044
162247
224571
240246
95200
92441
102473
151103
94010
127751
151019
133887
202939
232968
101098
244027
212715
193473
319179
227712
145931
142679
187872
166492
173556
261826
256131
228668
214490
191697
324716
580755
401739
440262
274793
270819
226855
295314
198371
193797
418736
274189
265965
234155
255017
279729
196882
185672
208396
164849
236069
258585
217016
236493
164297
111802
193893
654454
292365
168647
150745
149593
202966
210298
290343
329028
212023
207140
151612
314129
224921
138185
100941
159137
105755
132944
158043
185569
146585
165316
287700
202871
116220
124208
166256
184432
162575
186867
236618
192377
211197
357296
176182
106077
193142
183239
128174
131219
89772
104742
151377
155651
8222
9303
12966
10323
8153
11895
16830
12997
10638
6390
7618
6876
14066
14374
7965
10038
23639
23484
24884
12911
19439
16989
12706
10106
10531
42478
24738
14317
13087
15536
21294
17398
17466
8154
7292
7336
13422
21474
9449
15153
12572
19988
65884
34202
26626
19278
45601
23206
19497
20685
17144
21574
16559
17358
15899
9973
14866
14683
10192
12416
8667
8287
6218
17322
10600
8992
12283
16419
30424
26967
26400
44478
17117
21008
25842
38970
