18358
40894
34244
26988
46480
10373
14701
15155
27141
21647
25360
43969
25803
22539
18034
29469
30774
24796
17534
25775
20288
29100
30263
21357
19892
27401
29590
14562
22890
27050
15613
23979
20364
29230
28349
46019
63710
38282
27315
43450
30519
24866
25536
27429
19695
14055
13908
15156
120827
28666
21502
17394
14569
7872
12312
9376
9946
19579
16814
10429
11724
9524
14630
11615
12219
22132
14538
18569
16930
7596
9845
12960
13236
15108
14714
25545
18117
15243
12655
27889
19132
28276
35323
52763
67210
55501
59558
22371
44875
35767
22226
24795
19908
25615
31909
48348
42482
23594
29468
23067
16819
17946
14719
25259
21317
42099
40058
19357
23053
21136
12812
14681
17526
27068
18117
20555
17040
14933
15933
18684
10066
21276
16238
21348
15185
23204
26547
13403
16601
13037
39473
20413
14137
18097
16650
13811
20833
33181
23522
19021
24480
19051
14721
17623
23439
18242
25221
14154
32301
16162
19157
13183
25455
28695
25928
17762
12986
7275
8626
12829
7232
18258
17197
20572
12874
11931
18310
14467
11469
27067
29183
30513
34415
25638
18179
28077
44641
25544
20750
22686
27773
20776
30457
28040
38288
40270
37369
42690
29501
33211
28146
28328
23517
23907
16899
24753
26998
21909
26608
23106
30995
29853
27396
18908
16812
57686
32368
34368
32343
31841
30632
28094
29169
37846
27989
36948
21978
33261
32841
25527
23869
18519
28872
32300
40743
26050
30707
30373
29644
20411
19601
25687
40759
28417
33686
25840
32558
26070
28323
38510
40337
32283
23041
21210
21792
19060
37651
21402
17627
19110
6007
13534
12634
10595
16861
25650
