45548
28440
29075
20123
27087
19324
22049
23364
32681
26737
17791
29090
21870
23374
27535
19962
27855
23699
29744
22257
17958
37675
37180
26281
22240
20573
16851
26830
28024
28128
32164
18160
22074
25676
16379
14861
21450
20275
20447
13872
17731
23908
19419
18091
17753
16667
13755
19151
22883
19680
10558
11147
7731
8476
14622
30171
35758
25594
22461
53524
83769
28368
48614
43205
37319
32268
31615
27476
33320
46217
36683
29244
49494
43528
38428
29628
25255
23982
24377
16021
23784
18987
21407
14574
13843
17131
19803
16042
13902
9861
16518
12677
20683
10406
12382
9316
21570
35364
15956
21516
23611
24978
24652
27666
21005
19374
11830
11174
15352
16090
16741
23960
13971
20965
24818
26243
25908
25015
23371
22377
77922
43547
31868
28858
17381
17337
14568
11531
18835
22998
15780
12238
13733
23677
22674
21060
4566
4394
5294
14049
6209
7994
9011
6929
7299
232416
15919
10508
10867
9573
12987
7340
10317
6484
5936
6817
5565
8548
6665
5868
6144
5967
6863
5455
3807
5176
4666
5902
5244
6724
6638
6955
3510
4871
5760
7000
9035
6625
9018
12500
9928
9374
13881
16251
15232
10397
7706
6786
6628
11166
7944
10533
11913
14701
16128
9064
16263
18534
10635
11949
10953
8084
6110
9466
9719
11158
6210
7652
4970
5367
7084
6448
5542
6387
6451
7520
11689
7354
9971
6349
8630
10069
9053
5505
6877
6698
5408
4748
5468
5153
5027
5654
6213
4599
5922
5689
5853
4883
4626
7414
6501
5697
4520
5143
6013
5610
4824
5473
4949
5849
8692
7293
6513
5092
4835
4954
