178318
310351
235571
226012
240678
247911
863771
921554
700944
254874
341593
406778
283928
351444
283795
232809
443039
459248
416805
340496
372027
417540
466445
398133
324009
278523
412254
303613
650516
516974
359003
312675
270449
315779
281759
286697
305256
220588
229951
226781
226871
194882
246607
333830
261266
148276
176518
244939
227136
242326
241235
125691
262917
284479
211608
224925
278142
241381
279027
285504
348773
267419
322939
246537
300371
359726
882464
269355
238472
192578
77827
159275
162141
186974
177141
267950
286699
245607
304697
235424
190024
262046
249123
446852
422962
227322
399715
417561
336815
263666
287460
288193
412457
499578
295728
321506
231011
332549
459196
329292
340841
401392
281590
336577
215747
261472
316791
259410
370818
250983
245304
291452
210487
197443
235350
207264
209255
193129
168436
218359
230959
242146
353447
220253
254783
303094
291858
458810
249455
258342
288370
543509
585622
289753
298194
271964
265627
193902
269376
298332
282661
196637
247733
339330
279200
238282
422893
270788
237034
242768
272758
274789
200805
262357
318203
186201
255674
193570
483827
336636
562420
635929
389472
294698
271163
227803
287366
224012
299262
298065
403133
631197
328095
411739
433176
298814
358782
283716
285836
350947
256569
295526
221983
250182
301796
223186
243045
207020
223766
295389
195261
191078
235336
303135
625838
246431
342290
353016
383182
317840
366635
273356
162588
193122
222077
347818
260607
303430
196882
381927
387400
327265
297555
270930
238006
212001
399767
483217
266520
163661
199896
187236
337343
205514
280634
256663
337373
297934
195117
224830
267548
219854
18514
16772
28294
18938
13153
14679
17267
25053
13982
13704
16464
19530
16942
30032
17667
19915
21615
13465
19220
16275
15394
25326
34972
26106
