53010
50391
38702
34123
65385
64776
47994
45730
53471
58376
43226
34604
38592
46072
42805
48715
35629
45259
38783
38265
59692
64464
44406
41277
33367
30699
43315
32663
35727
39546
70563
62995
54718
46645
63924
48939
56806
60341
55143
46243
77489
38347
26923
27233
8694
21113
20835
20709
18325
34781
33688
53451
41201
41545
39092
67750
73632
45196
79067
54612
60269
72886
97153
64426
87280
50606
113554
107515
60896
51586
35319
76513
102353
66340
80692
58958
62124
61877
58247
47493
41188
38778
53106
73390
36586
51302
43980
41649
40381
67571
43402
38362
34696
61257
43220
39038
39440
32682
55196
69830
45524
67810
37596
75036
51548
67616
80754
81406
50933
54755
54414
46032
42962
84444
56490
45271
49518
44571
49261
48242
68348
46818
48322
43067
45604
46278
38736
54951
49178
54417
99600
66619
57613
88253
115608
123692
81779
53807
49348
46715
54649
69718
78838
78939
107546
90720
56615
75487
65658
63161
66591
94191
72274
70871
83457
58419
49108
57471
53789
56937
64819
49622
39159
41432
48254
63950
52111
41809
51930
94690
36858
59674
58125
64948
36258
49536
55697
44324
39382
26333
36308
26969
36668
54656
30044
34819
45607
41905
43979
40308
58210
43374
59845
37158
47564
55298
48590
55540
63534
45550
62650
61720
39786
35072
47136
37491
46764
54759
38451
21533
26201
31806
24530
20378
22661
46213
27400
26647
30776
31718
19529
21480
23741
16859
32557
38061
47556
31613
41548
69394
93665
51449
32012
34511
38057
40719
33229
21721
34432
21359
23881
26617
19810
18516
23951
28528
28128
33929
20979
26473
26290
26953
50960
37799
41041
58395
