35378
46293
40940
28803
34712
29646
19886
21495
25587
21744
35797
24577
15512
12419
26825
47574
34321
33141
59520
27849
39561
38065
37931
23723
29765
35580
47102
64427
59557
29242
24128
18580
8523
15686
11291
15942
20731
37315
32376
35076
36746
50826
32565
28061
39269
22999
44051
46496
48359
38336
36586
29194
38734
48047
49352
66912
51917
35071
24230
48391
41166
27986
28771
18119
24604
36206
17977
18707
24161
26415
15012
25591
34282
36860
23169
23149
24778
28815
23874
27046
22826
22311
23253
14118
22547
19713
28340
28710
26355
47131
20522
20786
39220
80693
44166
26611
29564
31363
41081
26578
21888
30061
38823
19877
22041
15306
15960
22252
41335
26516
16295
18441
21679
21854
17819
28503
26184
30738
29205
27723
29760
23385
56760
74534
43945
30281
24296
28363
33247
30616
23978
40442
76667
73318
47253
63084
55068
37090
27851
21734
23830
22447
28929
30384
34197
23663
34093
40004
34507
28376
22503
39359
46583
31234
39022
55322
65666
45744
27179
61174
48454
88907
62884
105458
59576
38554
30855
67905
55847
59101
42866
48457
29858
36180
38704
27833
33525
27540
39142
41141
53958
64246
44470
42381
51899
47225
35149
23594
31966
36232
28488
28951
24379
30990
29870
31137
37083
37226
26867
26223
24075
20321
32032
37416
38200
29403
17576
20523
24533
23140
28666
29579
55497
27548
27504
21956
19086
23648
22710
30542
29628
24230
46216
42828
39787
24430
35437
38182
37155
36503
28368
27279
44147
60638
82944
43794
53179
46586
49231
35809
33038
42020
35151
26997
23167
29436
23722
31043
23771
55036
28248
14513
21248
18765
191491
79241
