34542
20092
42745
43108
33436
28487
40169
28159
31661
41191
22710
32210
27280
29312
32593
33303
64430
29261
31631
29247
12737
20341
19276
15958
22945
29321
35629
20616
30821
24428
17206
38026
32267
22273
31124
29665
27824
44965
71071
47473
33232
56435
52029
99425
57936
50816
33306
39557
49429
36674
36130
33568
23337
35335
34282
29013
106378
48942
43163
47173
42560
27047
47483
33377
31229
32854
19683
51726
30183
54022
39844
58094
42372
50799
32794
41113
30494
109168
52456
37286
54536
59808
69598
30957
43957
56862
40314
55381
75600
89941
77344
63314
33376
48525
47786
59534
120883
83959
50377
40009
55647
50316
120953
81830
61685
65274
50779
59323
56148
85845
122463
88737
67689
69278
67209
65853
62051
63098
52843
63987
91596
67098
47962
71637
59922
104345
91443
70142
60025
55690
109852
59309
73292
73009
63281
49843
37240
56206
120519
49046
55421
55026
72297
42695
55185
54721
68731
71374
39842
118702
39219
56138
28738
61314
75697
30317
58817
86534
47414
36442
50381
35324
45564
30721
51133
27948
62369
31872
39282
44123
24737
30151
32418
23467
50120
34928
35885
22862
27790
26408
29510
40292
43326
12736
15834
35358
20659
18353
22586
25674
27233
38377
22072
22049
16920
41057
16385
20995
14809
21342
31653
11150
19765
23610
20713
29910
9400
20052
42105
23859
23331
20970
15663
7666
24363
12931
27250
18134
22104
15929
10894
27004
13837
17343
13888
17270
37109
69646
37678
13896
13987
11681
16795
30239
14880
24677
13891
8621
13259
21482
13803
9735
9897
7771
10575
19956
18798
22509
31066
25651
15605
9708
36795
41188
15989
13677
