20262
10623
31084
16539
20664
8327
11223
1626
5994
9583
9964
5222
14121
9829
9716
15972
14078
10982
23472
17822
15132
18514
15871
9149
30230
16017
15864
14382
24555
19668
20904
15491
11111
21219
26436
28429
16444
29057
47778
34129
36807
14273
33696
12487
13702
7701
8437
6360
9298
78792
14134
14821
11872
13169
11628
10052
13341
23381
14643
10835
7466
14796
18348
20356
21577
15657
21215
42021
36180
26820
15712
27031
19816
14530
11543
18262
21504
26921
15388
16334
12474
12115
13650
8541
9216
12502
11557
11722
11664
13937
15062
14039
14889
11538
28974
18053
14520
15456
21266
21761
31145
18562
21931
17994
24254
19450
16418
12786
18883
24046
21919
12315
8607
24906
19125
14321
14495
18641
22490
12296
18407
15678
30634
25301
16988
18551
31445
27570
13489
13538
11198
4123
8528
16320
17793
8333
20399
42406
26548
18867
18874
24642
23804
17721
11338
18129
24667
26145
31679
18889
12351
15732
19911
22609
25301
17575
17199
26245
38273
80361
25860
29576
22589
20780
19891
21975
18565
16824
13850
18591
16515
16085
14252
18711
20427
18756
14510
21393
22558
16851
14158
24708
24239
28929
14890
13187
24032
14161
25293
16071
14556
17044
14358
20614
9550
12577
31536
39521
13686
7917
12451
15107
15281
9769
11926
19920
11967
24295
14857
11463
14311
18317
10058
20063
29446
21834
19445
17257
42238
42155
22142
35948
43383
33753
25281
22044
21031
34911
25156
24481
32073
44474
27884
19351
22688
49321
23985
27599
28109
16492
23199
34543
25536
29541
19822
16610
20265
21180
13295
10952
12884
13787
13334
17870
19052
25004
