21430
35950
21320
38895
57128
47318
53436
44857
53233
32172
35712
22566
22041
33117
27063
20733
29881
13988
30782
34959
27950
29623
21296
27851
30644
30091
23508
22457
16415
21460
12738
22497
18286
22539
24182
19683
23499
24206
18048
20002
24144
27369
20838
20121
25705
22736
26078
33694
39231
22657
16325
17317
27740
31289
20971
16747
18384
21248
13935
16241
17102
14332
22558
27761
14732
19495
17789
41917
17214
19557
20304
15530
31057
15378
18522
19835
26540
14044
11262
11008
14805
13309
16023
15600
33123
38089
18065
10828
7110
16766
18388
23798
20313
23622
13089
12733
30534
20602
18020
19918
12583
20020
20958
47503
24480
16834
17211
9478
11178
15222
23959
12011
20417
25992
25411
23776
15213
21546
24760
16530
12495
39178
26184
26628
17936
29425
30524
18056
38793
32890
51396
25090
38025
36753
27756
51637
23585
32690
30083
31991
20002
18263
20218
27417
30887
25615
33519
39891
40523
48259
23623
25356
24372
20793
14415
16935
23790
22612
18028
19992
17646
14251
18280
19957
35066
25852
22759
22921
27801
18984
17280
17018
19188
14743
14516
16687
17048
15977
21419
12905
19994
23452
24253
24951
17493
16825
23530
23092
27146
18001
24232
33990
19269
26714
27208
37809
46915
48136
52000
44844
37965
34520
21230
32818
24638
25858
37500
45389
34226
23409
33575
23222
27944
27262
29935
22118
22207
34381
27340
34274
44444
33022
26573
18929
21678
18725
24841
19779
14500
22274
15097
21195
29429
20101
27375
21690
31507
20555
18756
25267
23757
18346
16831
25998
16799
25654
22380
15044
16853
28278
22877
21245
14744
34143
25247
23816
