29524
27599
22417
28060
28101
35886
19986
22389
22761
28920
26149
17841
29599
27973
38421
25011
23597
19864
22492
23246
13632
22431
43785
30687
32275
13695
18156
16849
23976
17011
44615
37841
28097
20463
20169
26434
35608
26688
20139
21097
17966
22092
31947
22934
22088
19662
16682
28231
25686
23980
38417
22868
19134
22802
20146
17451
23359
20764
16650
25818
30950
26830
26470
23340
21065
15831
16006
21690
16458
22058
25617
22664
18751
12986
16605
15089
10247
10098
27761
17445
17682
19160
17540
22112
21342
15615
8949
17396
22990
16635
22002
16356
23142
10908
11087
11129
4402
14745
13949
10023
10075
21960
19020
15538
24337
22493
17474
16025
17257
9333
16859
14545
13477
23015
20717
15356
12350
21586
14155
17039
19026
37856
23989
28951
28445
20592
19591
15710
17412
17712
23084
20036
12131
20832
17438
19199
16451
13056
15895
15889
14552
14348
10543
17573
17156
10737
9736
13914
10657
8261
14086
21332
12362
19847
12392
9941
11076
24610
13650
13130
16288
15971
17063
20903
15117
22333
13385
15947
12873
14491
21017
19395
32269
22781
16309
23667
20418
29553
22283
47246
37373
25181
27115
20637
24963
26518
45032
34559
38465
33708
25203
21151
26092
22950
24922
45277
44415
41653
27256
32382
28612
29911
17185
19547
29960
20324
28677
29699
22764
18505
18778
13649
22193
16172
26028
19975
15008
23860
24605
21989
18988
22084
9567
25356
23275
20384
15272
40728
19131
16975
13071
15631
18166
11752
14869
22456
12359
14613
16934
17126
17339
20682
31053
18421
17288
21040
17069
17142
12178
12708
12585
10872
11817
19287
13198
15776
