10042
14063
15589
11803
79608
15001
31812
92235
38867
20271
18029
15119
13093
15877
13927
20446
8058
6593
4883
11802
11582
11664
15760
14082
13383
13180
8998
8513
7494
5744
7397
8257
8698
14091
7083
5815
8219
3128
5383
4935
5430
7386
8631
8015
10077
7687
7565
7845
12222
8411
14027
12108
6256
6735
8429
8382
6531
7673
6767
6724
10897
13127
6082
10477
11378
12871
9662
9918
7375
8582
8304
8426
20115
39678
14060
8805
11518
8984
10688
9875
16585
18368
9641
15947
22366
12692
9037
7927
6244
7179
4435
6175
8587
5283
10160
6032
7930
5958
23048
7833
10882
5878
8621
8858
8113
8084
9894
8598
4929
4132
11596
8785
7641
11482
11580
9823
5858
7339
7422
12150
9993
11355
9028
9031
6874
10183
16163
25521
17316
30465
70837
23101
14727
15256
22509
24932
25927
26959
28880
22991
16784
23869
14627
16506
14742
15962
18164
18293
14314
18060
12405
9212
9754
9086
22415
13289
14259
14122
12007
8114
12099
12299
9760
13572
13108
14634
14230
14893
14731
19493
17487
10067
22598
13768
17435
15557
9847
10500
9180
10946
10679
6798
12360
7453
9217
10967
8514
26601
68281
29069
31890
14578
14955
12297
17422
11583
9722
19838
12197
9229
7841
8674
9784
12597
43064
14489
11503
12073
9146
6935
5904
10785
10412
14872
12886
10080
8713
16586
17725
8845
5177
9340
12939
9277
6436
9889
11029
10903
11843
9201
12050
8290
6878
8976
9823
13475
10666
12874
10932
9106
33550
30324
16329
9502
16994
9864
16726
6521
6110
7420
7866
9089
4786
8337
10254
9069
