10679
6798
12360
7453
9217
10967
8514
26601
68281
29069
31890
14578
14955
12297
17422
11583
9722
19838
12197
9229
7841
8674
9784
12597
43064
14489
11503
12073
9146
6935
5904
10785
10412
14872
12886
10080
8713
16586
17725
8845
5177
9340
12939
9277
6436
9889
11029
10903
11843
9201
12050
8290
6878
8976
9823
13475
10666
12874
10932
9106
33550
30324
16329
9502
16994
9864
16726
6521
6110
7420
7866
9089
4786
8337
10254
9069
10572
5904
8336
5563
6449
9793
4622
11756
11242
9709
6837
11577
9781
8414
7169
6106
8331
8808
6973
11386
8334
14594
9877
9966
7784
2876
5992
4447
5260
4385
9224
12077
12907
9491
8419
8900
10214
6447
6174
12937
9221
10835
30100
14910
12584
18612
22266
14082
13905
10541
15707
9776
15037
13215
9241
11016
10224
9120
8198
8286
6039
4791
8968
8747
9796
9256
6953
7137
10803
9559
5616
7583
11864
10905
12355
12049
8151
10601
8323
9929
11322
10475
26311
11457
10517
10981
10299
12326
18279
10387
9718
10850
9456
9017
8665
7912
8817
8214
7198
7704
7550
10725
7622
11018
21602
15175
15864
11958
13740
7924
6458
14609
17805
11251
12994
31479
19109
15553
12359
14024
13255
12541
10868
14698
12899
24311
22953
10818
20328
9867
12009
13946
14985
12902
15776
21495
23084
27455
15098
18393
14017
16981
13906
8602
5963
15142
15950
14148
9837
15155
24752
11384
21281
14985
13376
12697
16000
10034
12702
7633
6829
10582
10799
15031
17436
9714
7335
19445
38648
21214
15671
17519
14577
13527
9169
7932
