10572
5904
8336
5563
6449
9793
4622
11756
11242
9709
6837
11577
9781
8414
7169
6106
8331
8808
6973
11386
8334
14594
9877
9966
7784
2876
5992
4447
5260
4385
9224
12077
12907
9491
8419
8900
10214
6447
6174
12937
9221
10835
30100
14910
12584
18612
22266
14082
13905
10541
15707
9776
15037
13215
9241
11016
10224
9120
8198
8286
6039
4791
8968
8747
9796
9256
6953
7137
10803
9559
5616
7583
11864
10905
12355
12049
8151
10601
8323
9929
11322
10475
26311
11457
10517
10981
10299
12326
18279
10387
9718
10850
9456
9017
8665
7912
8817
8214
7198
7704
7550
10725
7622
11018
21602
15175
15864
11958
13740
7924
6458
14609
17805
11251
12994
31479
19109
15553
12359
14024
13255
12541
10868
14698
12899
24311
22953
10818
20328
9867
12009
13946
14985
12902
15776
21495
23084
27455
15098
18393
14017
16981
13906
8602
5963
15142
15950
14148
9837
15155
24752
11384
21281
14985
13376
12697
16000
10034
12702
7633
6829
10582
10799
15031
17436
9714
7335
19445
38648
21214
15671
17519
14577
13527
9169
7932
7356
5384
4968
9307
9214
10297
8626
7791
5427
5071
9143
9330
5476
44906
29858
38217
64812
102801
72397
44288
45968
82968
38135
28458
45331
163211
222902
72741
92962
130237
126316
129021
132931
95589
86431
61182
66011
45382
43528
103104
191015
103470
57089
50730
46930
53397
98995
129600
131696
246876
114474
93303
88472
165120
94807
175791
162671
123266
111783
92208
262322
149040
149005
93691
52991
111726
66186
83522
48540
37246
55790
227170
110367
66038
40382
24686
58514
45792
51983
47859
