47775
72727
66918
44844
52112
39848
37262
110512
92225
89546
82637
66235
39061
29089
11122
36154
28933
22250
20742
53121
41771
111931
88607
135275
94526
286171
155384
97641
108206
95496
57862
121414
56251
53325
64672
63561
65382
64515
119611
70468
85312
78445
87098
48682
61711
68324
47351
55853
39089
35217
30866
36432
40163
49770
49000
163490
111476
102438
67692
65641
43146
45661
50516
35939
47592
53329
34626
23873
30622
28631
35666
82948
36785
69487
36813
38261
39037
27638
38500
43521
34168
58567
45270
42215
60211
45485
75347
69747
67901
90858
41054
48569
44427
46671
36553
32210
60646
48269
51122
78418
52759
86940
56517
119677
297099
237728
154744
179312
156577
91289
75682
122478
133987
73755
152262
112955
74536
96442
163305
89642
95475
155771
119925
58329
70647
83938
90137
79405
37303
30920
79763
75667
52188
87660
63153
71902
61700
66719
64793
72833
71535
113991
83251
150348
71957
81851
56669
79179
61762
46225
67444
53206
49428
55857
36429
72227
57204
38901
42176
36472
41505
40795
53390
46466
48675
68337
217104
211018
108244
64606
106692
152428
83032
51011
45894
43781
67295
56158
16349
13640
16007
8403
11094
8453
11264
15955
10301
9126
8362
11880
12908
5220
6524
9844
14353
15057
15474
7479
5245
6290
5952
5947
8733
8119
14145
11490
8384
10102
10920
7061
10698
5344
6546
8903
9513
7780
10103
8891
7635
9174
7070
6839
8238
11422
10369
5697
8532
8595
8624
7059
8054
16795
15936
20100
18385
18595
10724
8409
6829
5917
9655
10531
7288
9606
12810
8535
8856
9174
17111
14226
8796
10697
7056
7811
20463
5123
