7882
5873
1533
4428
8745
4813
7508
15198
13681
8281
15220
19454
23747
15369
10649
8301
13621
9805
16112
18120
10878
7139
12027
14799
10491
18886
12979
13575
10362
16671
12974
10324
11937
15778
14276
18945
19949
15436
17786
16683
17553
14230
11408
11757
13867
8686
18945
10766
10467
13267
9030
13792
13128
9636
7269
8556
6258
9253
8179
15028
12131
8998
9076
7922
9352
6417
7675
10230
14817
7463
10542
6841
7450
4917
6054
7910
11026
8685
21192
9960
7549
5892
10547
7902
7174
9087
9503
5258
8838
13526
12637
11304
32243
25453
12594
8457
7345
10274
10199
7839
13478
11635
19792
16867
9698
13248
9952
11044
8906
12131
11595
13827
8020
12208
10512
7429
4868
6124
6357
7416
9654
12526
7546
6720
6677
9488
7900
4918
10237
7646
21065
6805
9915
9103
9820
5849
7099
5923
5193
7318
10347
8831
10752
15326
16801
11207
7246
8699
7640
16949
13342
12737
9639
7875
6308
4153
7307
7574
6899
7050
5842
8343
11298
10562
32379
24964
20697
15756
26703
23444
26749
37101
44658
41169
24524
38228
22635
29627
26045
24917
26625
27285
47373
27159
33521
30336
24478
28109
13934
19921
45731
26983
21105
19468
23493
20858
26981
20261
12954
18021
39097
52139
55527
46129
41255
55391
38390
31784
40265
41909
41023
30473
26755
31542
29158
27412
44972
35059
26493
20493
21575
23786
27594
24369
30901
17152
11045
31325
36936
40739
29588
37877
28419
31962
24102
28258
30662
28488
41124
33072
23971
53362
25047
20494
21006
8146
14253
11825
13874
21208
51306
65686
29726
19237
17639
33975
