40122
27490
25900
31696
21852
37193
32044
32987
20748
23824
26492
29955
31380
21926
25538
19141
23374
30417
21572
31323
35031
52614
41654
30174
22196
34403
28230
23057
33210
37713
42176
25995
29444
24013
23563
73482
50392
24151
29871
32631
25320
19163
21573
23600
35514
22693
35689
20102
27701
33844
59605
31776
26896
24443
39540
31107
33175
39757
54406
26025
26865
20479
25218
31316
31181
29086
16101
21269
17469
23386
20642
24788
34751
35193
26788
49373
25596
27418
31752
36475
47978
60634
40021
35518
36473
36192
52322
36712
36814
73109
48152
24865
43625
28800
23471
26335
39108
48983
20237
33859
49804
48242
60261
33923
29171
27067
26822
26284
31132
33512
42710
55551
44807
31226
62298
27794
41398
48040
36950
28603
41113
66298
35981
27946
25775
32695
20477
21377
31873
24188
30593
22061
35812
21444
20721
27202
38517
43883
51406
57999
23538
39774
32943
37797
25995
28703
27271
42362
26455
22016
26352
22814
23265
88900
56899
58226
73967
58542
66037
55226
79652
89028
78201
88417
100948
76013
81952
59492
63394
57475
70345
146456
77855
68021
61230
61577
67592
40858
70869
88983
90101
175306
78919
81288
64418
172638
63601
61781
75019
84624
105185
65883
55572
80681
74449
54280
65051
51129
72628
63218
55811
48309
69225
70941
47143
84746
64111
49667
43623
39522
43904
53151
50098
41435
46728
34159
72531
68877
61971
64063
89069
62596
61631
202250
85124
82495
74384
76570
81278
83446
186041
79731
60259
38289
15028
43641
37873
37793
33162
65858
88868
99991
107928
86746
64614
90818
73801
72115
83611
56157
56059
71222
72289
49039
50016
61458
