92891
81277
73031
62966
48629
69213
73477
70476
79415
109176
143910
85669
69307
67034
69428
64166
47094
51593
68880
80745
147863
90164
95276
84870
78310
84485
50862
76553
64499
75368
68963
104682
74746
69223
69625
109474
67629
64133
76613
62467
53133
68255
57337
81238
50740
67326
67346
82041
66492
47576
50739
51907
52022
59685
73754
63545
67808
65343
96898
90089
80968
86152
102295
77139
82741
58078
83835
76587
140467
132215
108338
72411
131705
78006
97317
69440
72383
78677
115886
145863
63339
91568
151539
94283
75469
71800
100239
64483
103097
76951
75382
70627
65680
54660
49417
62490
59599
51798
89480
51587
59790
65168
61854
229356
85323
90549
87606
108528
59882
69500
72962
66607
50204
42053
73122
56874
81240
95101
59693
112430
86913
70327
51910
40302
60321
43254
55805
53392
64864
55779
66651
51441
55006
54926
74131
55445
49254
45176
35654
43587
45496
56549
648120
311714
406791
365275
301854
335128
355469
394556
399610
355101
295718
402293
459967
310086
342793
401747
458253
422050
670788
360384
599590
481382
517803
363407
293928
662024
622885
546708
504021
411935
551698
419964
447134
480805
594932
645756
1361599
1240159
675028
933580
901596
975927
573683
611351
644658
591778
599301
556563
361062
461782
509827
354352
396742
368552
420331
340632
488103
412240
609763
736099
585478
421370
228302
592631
710964
476583
410280
500523
760513
799820
732321
362926
308868
512328
346266
400420
442986
622560
391657
358948
279694
129352
194501
196679
182918
256765
520876
433751
414071
394295
304091
324499
412735
595177
472686
766290
783407
792456
771805
617075
492755
436011
546179
509438
560446
394556
676430
1140028
942618
904008
556303
709771
599584
546983
