503452
632879
582604
571229
506595
580023
478735
677248
534601
592376
456253
646623
1090710
569190
647089
487387
545511
563058
491425
854485
439394
531661
566493
509106
1132388
710778
739170
740035
482046
541822
487424
418333
590344
691167
687501
776066
845404
527966
440019
492435
661641
958896
596047
755228
659276
565201
685702
697180
983131
834732
915452
606664
675045
510711
719690
1209014
992999
1192309
1069007
815972
539574
535263
677867
626732
988287
734733
820542
1124657
1024356
540733
1029611
922433
669777
613821
568815
495486
342474
779382
687857
632462
865832
601769
756211
512611
504777
379236
497231
698247
457157
438489
483207
860758
586342
446228
648926
506833
678767
407539
719526
542619
597926
326207
383671
500494
455868
436262
477874
327077
471419
422883
448142
532024
554948
606620
403540
585268
440411
547880
1592053
731704
737300
516321
480861
575932
537146
484531
324062
362828
504657
532621
490995
47727
50478
34908
30747
31923
21923
24323
42524
44565
44533
23538
24968
41515
52971
31701
28410
50226
38943
42943
33078
39663
49439
32463
33777
40614
28275
35961
47228
41000
30377
46957
26613
41339
25501
19649
21681
45320
39479
41336
33237
37119
28804
26273
27889
28198
23278
40638
32765
23080
24921
21241
14293
34043
17149
29713
25251
14794
23630
29212
18189
18406
20770
15584
28385
25561
30630
171862
116006
49860
23730
23874
32914
18785
22316
31182
27321
35737
35851
33234
26800
20588
6575
16102
15899
12282
12416
34708
36898
21792
26421
38060
13183
36341
19461
17135
20819
20726
23387
50807
57515
29164
28059
37078
40178
34801
18836
36147
28947
36614
38438
32911
63654
37783
38347
35312
27277
30883
26548
28011
23447
32614
35511
30518
23087
24420
