31451
28338
27844
26548
24993
21488
27161
20018
32344
39250
38945
60692
40211
46556
43353
35590
59127
69584
46913
44359
31838
51432
52475
40411
31867
44620
42435
35433
30017
27079
30535
38694
49652
36571
29929
29810
40291
40515
29153
50519
30619
40498
30142
21993
46635
32964
46916
56493
53213
51206
20317
19981
26355
24539
42729
40607
50030
72508
34506
47931
26906
39449
28749
29496
27205
19210
34208
33428
49050
33774
28394
50138
47792
34738
43231
28722
22799
25773
22668
31166
37638
88718
25728
51523
34805
47096
47760
41221
40369
27297
28116
22923
31515
37769
32349
36283
25073
25394
45409
28747
23499
26815
31536
31360
53220
41925
63499
55878
27354
32003
41981
36615
39166
31703
26319
27047
33381
44701
67804
31051
132748
117818
126991
93879
103948
89987
153672
144243
88746
91225
75276
111481
267602
127008
111408
116743
129321
106657
258810
116721
115173
146122
135899
134774
90081
76252
140472
158942
130887
105595
120001
76088
128170
64671
79282
112804
83856
117952
122496
78965
113222
114686
102671
108116
104539
104331
156459
163287
160088
143130
151188
98392
140705
117931
125421
115320
119832
93025
123536
105814
97696
82448
61954
123823
95605
90237
98443
112999
89479
111691
91182
100303
89324
95357
115470
98736
109835
228478
95500
71789
56397
33569
68805
72813
56662
59421
91908
86505
99089
89727
84669
147753
134613
169688
91394
157697
115778
115579
143001
177031
116312
130794
152289
269312
170675
129080
176807
110834
143065
148443
114317
114270
98545
103833
161882
132730
143843
177095
108980
96753
119489
128087
100855
106408
77485
80040
86082
86002
101010
112932
71008
98132
100534
80990
76752
89394
