101353
88673
174580
96479
118083
117320
82033
106307
81766
61136
81940
105548
85797
110522
140434
84588
91466
91644
112293
76855
113149
125706
95494
112307
98584
83728
84525
92623
128499
130916
273026
157688
97565
114025
116118
285657
239770
160115
123985
110047
111576
146515
146591
158754
159286
233688
231624
127188
182508
174326
149638
139521
153416
129851
107397
179096
131827
153403
142115
147559
197741
109727
119449
146287
120600
175203
96888
132303
134244
129326
441956
141154
178152
172736
193386
121041
139592
154701
147705
96267
83245
104972
137970
102671
141424
96435
109300
149135
130072
84618
78076
125324
78449
157792
119322
111677
244560
196562
126209
126497
111082
134532
129471
115808
88077
131388
108782
98226
121083
23402
11330
11887
12379
11656
9288
15177
13110
18060
12690
8532
11021
11514
12328
21440
17711
14649
19944
19787
12584
16359
15109
14061
11315
8313
11359
17502
17985
18401
20021
37043
24944
25882
22754
16604
12984
20501
22651
19514
27670
28861
16362
14456
16639
22294
41803
25207
14465
14728
14844
15105
20965
20710
16902
17233
14156
14030
16851
18614
24295
13931
10918
6850
19588
20760
30087
28539
27948
20825
19148
19876
21048
15841
17369
14277
18301
12996
16457
11993
10396
11970
6297
9059
10185
7966
9705
19860
26743
23952
22965
30994
44231
45720
31396
23052
20457
27624
23642
26758
32133
19125
22880
35329
35207
30253
17116
19417
16064
23915
37677
21180
22751
19377
23942
36388
23887
21647
16285
17487
14401
14668
13377
14972
12088
10675
12509
10345
15618
23712
20155
16792
15204
14214
15902
18878
16972
17999
15202
31040
14530
17829
19898
14145
31691
16528
15352
16706
