11278
13296
13610
26630
21142
39352
13171
15730
14947
22415
25505
19869
16309
19802
17205
12793
11332
19676
16420
15726
25167
19140
29547
19082
28682
33137
24941
15876
24585
23897
29157
20391
24860
25754
36988
44028
21194
36593
28894
18335
15947
24793
30753
13404
24381
23203
37048
20807
21760
17241
20961
29064
17337
27684
26687
22374
21933
17138
22402
16945
13015
27205
24493
28043
17724
42793
32105
20682
16494
9890
18998
16905
17697
18798
14211
29221
21222
20995
12025
12978
18180
17094
22171
21074
17194
12736
14553
12994
23809
10428
15761
15887
20377
15918
13808
19035
21539
23572
37329
25499
31561
42554
35040
30693
37678
64169
47733
39676
26199
30744
51181
64024
39058
51900
45635
39059
43632
28523
32283
33681
43434
41063
33264
33301
42164
53969
41245
43272
48050
29059
37135
29056
24310
44306
51516
43586
44099
28975
24896
44813
56732
39621
39879
34186
37176
42123
53933
39798
43756
56925
32497
29528
31632
19806
22909
51159
30899
28611
33573
20783
20594
34897
32496
18956
29298
48062
28036
41420
53503
37019
37826
36524
45043
34696
29492
59360
32407
33192
43734
13272
18148
18402
16780
22238
46193
61137
35762
47312
36235
62287
49515
50122
25449
38714
47335
58464
55970
49004
43053
32421
43062
40959
56393
42110
36451
31760
48471
60346
42920
31932
37364
38023
42959
30832
37664
33137
25925
23316
32510
27750
39496
27760
24490
49286
55510
41312
46659
41142
53822
30326
23487
25997
39524
40851
76982
39163
66831
33950
39282
39302
116404
77792
45496
43841
42918
29396
35266
29173
55306
30988
33665
31285
38045
113998
65180
75717
