38942
31143
61896
64565
36401
27244
45866
38447
48496
41882
31450
47305
46277
78815
74826
60458
46830
36402
41527
55799
74980
51325
51139
63600
81416
40454
52917
45267
56600
45940
41125
31778
28229
55451
40949
59162
47969
46665
27689
36837
43507
43237
44382
36382
41404
53870
39087
36302
58679
30234
61052
46936
51654
27041
38431
44007
40675
41318
22926
43809
86987
77859
66637
34911
53626
49887
41218
41935
36604
31512
26099
40411
26921
28826
26795
43785
24383
22196
21649
25508
30689
36548
20890
26859
46209
83542
35258
18729
10779
15359
11064
10096
10921
10144
18655
9452
18359
12038
18630
10632
24753
29560
24967
20333
16501
12923
9862
17148
8297
13491
16934
13485
14056
22222
14247
14487
14492
14519
13881
17230
11013
7357
12721
15741
9802
13040
21981
37103
20954
17257
14422
17776
18640
19765
12733
9962
10385
8882
15796
11903
20105
15619
16111
14413
11798
14367
12777
13937
8509
6495
11486
9875
9995
8413
10580
14735
9311
10612
6815
9975
12771
7901
8745
9509
13888
9256
9026
8174
1508
5484
6421
5154
4427
9609
11363
16706
9735
10751
16820
17506
13717
10031
17119
37413
23397
20147
14628
20428
23435
33394
14394
21346
16238
19193
18000
19691
21014
17281
16509
10326
13705
25515
15612
15015
15226
11091
12489
14510
20752
15538
22047
31117
20126
27505
18976
11308
14023
14708
11544
9398
8603
7623
10085
14761
12148
17141
9428
11013
15214
18397
16592
12867
12455
11407
8597
9709
10382
11907
16393
11246
15369
14512
25500
14289
20154
23701
48728
33681
28687
13589
13562
15969
12830
12583
14864
10614
