20708
21371
33369
35065
32508
22823
14085
13164
20050
25355
14282
19161
41730
36616
32888
25877
20963
14492
15952
19190
19400
13023
21195
23884
26320
19958
14225
14102
13927
15275
22639
16693
20577
22466
30647
14951
23287
34535
19095
31385
22905
17256
14958
18940
30769
22602
24690
15360
25304
22346
21726
16506
14173
16925
22709
20121
17860
21327
21120
24108
17174
19314
21275
32488
16265
16065
17897
19301
17956
18730
20162
19068
18206
21616
33354
19550
89369
75330
94749
76391
94130
65952
67546
81994
77065
56392
39996
57273
30757
51194
56378
61164
75002
77965
87464
55843
54568
153334
106390
58713
30850
48004
99230
90717
59537
46316
60506
90948
87679
46603
37271
69526
73565
42416
64312
43497
92965
72552
103745
92661
82520
72670
92338
160500
104304
94865
86803
144969
95629
76120
58376
83619
111243
64032
91378
65823
85413
38853
31941
61014
55230
48137
65579
91709
58172
63767
53366
100737
122687
55038
66294
89009
57040
90245
67381
118835
110059
18685
47665
40489
40606
46148
61212
70359
53687
194440
88292
58832
58518
104557
63572
50895
62647
66758
117341
88657
98523
78340
111407
102531
100023
69527
110063
85136
77292
110508
100927
175603
139110
87907
65479
78489
65817
43280
53653
43995
67413
90539
62690
61456
40181
41298
40128
34591
54111
65395
48542
59221
48948
49085
35975
57202
53109
44182
89108
68153
80486
93788
66568
62668
41491
44214
53449
54729
64200
66706
86142
68624
59672
55361
61814
69244
48927
65249
51300
70640
79167
159613
194446
96077
122609
80093
70272
104888
94821
128823
100681
147369
188509
126074
131381
94843
116495
101953
95493
84866
