83639
92860
89348
70073
104014
104728
68721
88999
89536
71501
98423
119568
74424
106762
107796
168897
132487
105584
95234
92923
70534
96584
67622
138077
115894
89288
108129
64210
108838
94186
127732
80006
85867
100260
172915
65415
59310
82078
88659
93911
77074
119321
81271
81073
70432
65375
112851
83673
53339
91678
76424
61814
128542
91673
66165
54072
55088
49538
59392
62132
59309
49243
59573
47672
30696
12181
8922
9159
16676
10043
6471
9630
11410
8855
10298
9120
6470
15010
9396
8935
7648
8195
20630
18603
14314
17024
15277
16557
10681
11068
9853
14803
12252
17679
11010
10548
6882
8081
5381
4157
7037
14610
31245
14645
11748
19412
15594
22547
10301
11588
14668
12469
7729
7835
9772
10750
9794
5167
7313
8818
18452
9893
7465
13356
11256
6329
5411
4164
12808
8270
8262
7066
9764
3842
6451
4703
5218
6914
9459
10634
8112
8011
9767
9595
9134
3169
2548
3810
6166
4436
4330
18801
15681
12455
25818
22732
23475
26568
13525
11476
12390
22349
13015
16688
20160
7962
8791
11351
11143
19395
17426
13579
11901
16782
60119
28040
22242
14580
15426
17068
18791
13218
15377
9855
41855
19836
13314
13027
9452
31543
13987
8667
7756
15503
14907
10596
12259
10085
8849
6565
10466
11097
9810
17144
10176
6833
8493
11869
11139
7377
6028
8633
13448
11918
9666
9169
13678
22624
4073
6375
9650
9388
14752
14337
15278
12791
17262
17966
13305
21927
35681
28165
19716
19275
20663
20499
29207
52776
20272
21143
15667
13007
18478
13613
26212
37636
36213
24007
18182
31693
23287
15734
14126
11624
13953
10164
