21524
13266
27160
37864
10362
7678
14354
14732
14801
7821
11934
11852
14326
7002
29758
37393
10502
11310
9213
26324
18529
18649
26863
24603
20884
14498
18805
19020
15699
19075
18001
21369
15312
23496
13590
17736
20238
24691
25694
17555
18213
10002
14928
16936
51464
23400
18744
16362
21289
10288
9238
15389
12272
17998
114477
124638
165481
100477
97603
113278
159414
205263
127816
102660
83377
129496
96504
125128
123000
160387
130241
155149
121515
124038
98410
203409
136992
77011
86350
132513
142483
141860
151690
83091
106312
80216
84407
45946
42086
62307
81380
61751
78641
69013
99379
148305
224012
147946
127722
101584
166836
86758
78953
98193
123058
187583
120628
126382
168498
102674
84704
116366
79086
78440
68219
40729
38279
90284
79398
83624
138767
113384
95922
72916
64771
61573
64977
64286
52051
57910
54044
106767
54655
51675
58466
26576
40952
38351
43425
46779
58715
72507
75672
58130
50786
59753
108168
48309
43137
66907
56887
56556
114252
140590
86781
71642
143526
89600
99401
86200
104503
62672
91936
95298
70193
68201
80072
159482
80720
94094
74365
106215
86566
78539
100091
60423
64619
87908
62673
87541
67332
84342
81265
80451
207770
144000
70078
72459
67429
76090
59697
63647
97328
70733
69290
66314
83531
61924
62008
74903
80022
58808
49224
62261
70947
65687
62940
47748
101497
80843
67121
101741
91715
102631
110634
113832
89283
102273
115753
74056
65294
71560
76518
110837
134402
195807
205350
206158
124420
140755
95709
126216
155604
135566
135359
216645
119042
109091
176553
139071
137109
98437
153808
131168
66341
122404
86039
144017
86701
93642
56459
80613
88230
66691
73872
110957
