71415
100990
95339
97685
103030
86799
136937
144286
115045
117697
146405
194811
191621
95448
95565
155087
122737
91382
112132
98477
154452
120298
176000
151000
86998
84928
151908
173632
101251
83082
73364
63955
63627
52464
39033
50486
85551
60188
45540
56155
91877
65174
52499
5735
5157
5651
5378
7595
12386
7943
7644
6030
5558
3738
4746
3982
8999
7886
9619
8958
10271
7801
5824
4523
5172
5249
11441
8848
8296
12339
7515
7237
11578
11508
7571
7354
7490
6693
4206
4880
4779
4492
6984
9358
8558
10473
7849
11575
11695
30076
5537
8397
5064
4628
7034
5619
6865
10218
6151
17078
15355
9611
7063
6357
5993
4045
12351
8138
8280
7864
8549
7297
8699
8259
30685
10663
10381
8145
8191
19555
15274
8160
6614
5352
6214
14805
6870
9714
5755
9890
6020
5823
6128
5984
4735
6311
7483
6649
8260
6940
7785
8709
10613
5608
5485
7783
7936
6239
6240
7727
4881
6634
5664
7707
6324
7111
4927
8430
6567
7151
5647
6083
46454
21311
9946
12997
7552
30034
21018
8383
8929
10642
9129
5898
10807
10238
29531
13692
10799
11298
8444
13371
7316
8954
11071
21439
13592
6102
9432
8635
9689
7752
7928
10746
12820
7437
9295
8986
10570
13197
18341
6397
4181
9186
9170
10534
10124
8296
8286
12438
9260
5124
15397
12946
19171
28134
14459
14525
8718
6467
7614
8113
8467
12649
14711
13368
7555
16354
17244
12650
10243
13776
14404
13385
13784
20262
22279
45750
17456
14482
12536
13429
9065
8797
12048
10585
10731
11723
11329
11678
7971
16407
16993
13282
12467
10919
