8040
11604
9375
8809
11813
10271
14025
17346
7670
6998
11569
11791
9642
7714
7508
5124
8742
11312
8735
7276
9203
7895
6637
5607
6977
11695
9941
4851
8462
9041
11937
5940
73369
63905
95069
71468
67842
77273
81266
74142
61451
70378
47693
68261
66297
74105
70441
71100
76730
77103
175686
53704
74840
89968
106240
63951
44328
56362
89768
76301
69630
96810
89042
96839
75290
52193
33113
54168
55918
72191
86306
66898
86396
79660
137836
76764
70517
76956
86837
80781
65275
64621
55210
48808
58359
86500
65303
60598
63920
77723
72395
80467
57972
36050
173404
95300
54267
88304
82081
89173
81982
78896
68914
92302
124678
78037
99461
86579
201790
91019
70711
71175
25143
44491
49159
45613
43830
78444
71685
117772
89054
65827
60929
67529
59263
46021
82691
88042
64613
102760
87181
58808
58581
51776
55944
70641
80661
87155
50017
67337
84511
52424
87423
64806
166779
130406
113040
74023
75333
89318
82334
105146
83058
95959
85027
81982
71266
71667
73501
71404
69706
62037
59672
80667
61181
91309
59701
67842
60924
152437
69944
70527
80341
60761
51123
72715
48205
64860
58467
43911
44511
55725
47556
48443
50555
45318
127431
65967
88239
57697
68911
66116
100988
64576
78026
121373
90747
78255
68847
64826
99862
75065
164607
145661
97096
89262
84947
66026
105488
90771
104377
110697
130732
160363
126591
158909
145711
115267
141090
91734
95751
64134
118552
105359
119880
110856
99792
154839
113791
91197
62276
74257
131553
106051
82485
154962
132300
176582
92713
113640
108004
125673
69417
90501
110164
88881
57835
51359
56811
55389
82274
83524
55008
68601
84814
80904
