79654
53184
72150
51872
72134
71158
69439
68310
49029
66345
62318
68375
82117
73695
74768
62850
54865
65076
97416
77300
51936
78745
72393
37582
32198
48330
35469
59959
51735
41923
31205
40973
41494
53426
36368
101338
73221
58321
51685
48882
51118
36381
49896
42971
36484
69693
74734
69680
87324
51361
57512
56668
119962
39287
31723
59756
74091
54458
48412
35909
30630
67104
228832
110166
77048
75122
58693
34598
50513
40756
28533
29908
30816
35189
36476
26405
29461
37742
33040
28296
31084
30236
23119
49196
61345
28118
101038
71266
42014
58189
32658
40828
38766
26094
66860
38301
49570
46588
37141
28275
23642
13554
11140
13174
13843
15679
48902
63792
30137
57007
37711
28408
27782
29457
30640
39567
37707
61096
98612
72564
33697
46350
45137
46525
83746
50430
95601
746860
200365
129929
66018
92280
57680
49624
74888
68366
62981
36652
53784
64492
62636
55673
46795
77813
34692
62095
40974
49737
55361
36207
53445
62908
52767
38322
46190
41746
60550
42769
45480
30355
25746
34768
54656
36609
27158
40122
38868
30706
30576
35888
43548
60120
49538
46766
58223
42892
38690
97530
50847
33368
60419
101708
63767
43663
58009
72149
76417
96166
49478
53189
75989
95722
68231
59818
49314
36764
38982
54031
44448
72130
65551
68231
75068
65390
64601
75123
44363
36664
38162
43863
50014
72121
51977
47849
46501
38918
36483
37229
42891
33662
28918
49309
33272
36649
33482
39093
46555
30664
50419
36912
52838
30365
41278
84289
49029
38364
22388
34649
58632
34874
54827
43976
50422
55346
62050
37695
29953
34730
56852
32891
23265
31533
26885
30084
29845
39596
