49569
41105
50815
42199
47004
28228
54368
44629
70970
7947
5617
6417
3416
5628
4466
5280
4932
3784
7766
4454
6021
6787
5813
4367
4315
8062
8762
11140
3649
3940
4499
4869
3029
2027
4227
6220
5907
5760
13530
7129
5622
4512
17605
3554
4273
8599
7371
7461
8247
6944
14222
8684
5801
6128
8064
11010
22150
8688
8030
10282
8414
5577
9475
7484
8633
38751
13106
10630
9543
9093
8486
3606
11313
10836
8524
9507
14114
11434
12832
8599
9865
6438
8508
6687
7920
11341
14173
4958
9979
6903
2667
5286
5387
7235
8587
8734
14322
9610
6859
6139
7191
7899
7370
3753
9704
8310
19113
6990
8852
7846
11539
24820
11813
10644
6649
5922
8708
7704
8853
5572
11546
10569
7167
11509
9764
8572
6848
11345
9551
7281
13034
11742
22903
19011
18937
12134
6884
6781
6859
22693
9524
11512
7234
10158
5397
6725
7342
10878
8120
7207
9044
8510
15725
7212
8075
7846
7610
7600
7612
9921
14858
59466
21222
15235
10875
8836
13722
7893
8820
12831
9761
8340
5650
10775
11500
8800
13667
12428
11266
11856
21847
24432
29047
15270
11599
10558
10319
9351
14309
18133
18691
15772
9571
14344
11583
11817
7626
13028
17282
9013
13064
17026
20441
16479
10427
7998
8423
12416
7325
9760
13039
8065
7572
9023
11548
9356
6991
17367
10207
11404
7681
20873
12197
11659
7363
5170
7197
7468
9813
8242
8093
10522
8451
12406
12349
13671
12148
14875
16513
15511
11549
16576
11800
10978
8935
10381
14006
16524
16527
7208
8979
9369
7616
5108
23617
17952
