11813
10644
6649
5922
8708
7704
8853
5572
11546
10569
7167
11509
9764
8572
6848
11345
9551
7281
13034
11742
22903
19011
18937
12134
6884
6781
6859
22693
9524
11512
7234
10158
5397
6725
7342
10878
8120
7207
9044
8510
15725
7212
8075
7846
7610
7600
7612
9921
14858
59466
21222
15235
10875
8836
13722
7893
8820
12831
9761
8340
5650
10775
11500
8800
13667
12428
11266
11856
21847
24432
29047
15270
11599
10558
10319
9351
14309
18133
18691
15772
9571
14344
11583
11817
7626
13028
17282
9013
13064
17026
20441
16479
10427
7998
8423
12416
7325
9760
13039
8065
7572
9023
11548
9356
6991
17367
10207
11404
7681
20873
12197
11659
7363
5170
7197
7468
9813
8242
8093
10522
8451
12406
12349
13671
12148
14875
16513
15511
11549
16576
11800
10978
8935
10381
14006
16524
16527
7208
8979
9369
7616
5108
23617
17952
18712
28250
22270
19030
22586
30829
16688
23199
14759
14783
14678
20477
14755
64665
41962
28567
33086
30225
16372
19865
24104
47934
13232
26480
24913
25643
26469
31471
30024
26657
23930
16037
22880
18767
28079
25379
22896
17883
18799
16537
33353
29748
28960
26469
40602
25305
25080
20622
26871
35923
30501
28275
24846
17178
18451
18285
24777
19021
35111
17367
10309
35645
46981
50287
27362
61158
26467
31337
20867
17266
14924
14347
17881
20060
46089
22287
13769
17116
12162
5622
8308
15612
17812
16112
12895
14941
14770
11054
19388
16764
18024
14581
10264
17133
21396
27350
56192
27978
12115
19075
24668
21157
21106
10405
21236
11268
24663
33136
