18712
28250
22270
19030
22586
30829
16688
23199
14759
14783
14678
20477
14755
64665
41962
28567
33086
30225
16372
19865
24104
47934
13232
26480
24913
25643
26469
31471
30024
26657
23930
16037
22880
18767
28079
25379
22896
17883
18799
16537
33353
29748
28960
26469
40602
25305
25080
20622
26871
35923
30501
28275
24846
17178
18451
18285
24777
19021
35111
17367
10309
35645
46981
50287
27362
61158
26467
31337
20867
17266
14924
14347
17881
20060
46089
22287
13769
17116
12162
5622
8308
15612
17812
16112
12895
14941
14770
11054
19388
16764
18024
14581
10264
17133
21396
27350
56192
27978
12115
19075
24668
21157
21106
10405
21236
11268
24663
33136
10351
16071
24729
17677
22523
12602
37357
20799
42743
15951
18926
21100
34911
30740
19204
17832
19129
16123
19012
10903
13348
14740
13450
25457
26087
26398
17929
16605
23461
15998
14211
21835
26395
31238
22127
23082
20855
17208
13410
23655
19707
29398
42730
27939
14642
21665
18675
28071
52281
113644
72881
39705
28083
19928
36630
23007
21798
27495
21184
25640
22029
42369
68431
39162
30469
25943
33087
33741
27474
30653
52129
39831
52517
38311
40014
34804
26595
39521
31354
46070
38793
31956
39455
47873
47951
33321
28563
19788
14637
21618
26174
30653
18817
17761
19324
39269
23406
11694
25115
20754
25564
14679
17817
16817
18732
11967
18350
23281
29061
24813
19218
14211
27407
20169
27590
26149
15016
22783
27836
32713
20636
18357
13440
18628
17137
19637
19204
24697
23671
20419
19105
33078
23224
27590
22347
11416
9693
13156
13176
25837
24819
12905
17449
16822
13876
15748
25437
23876
