15808
10664
22421
28898
23684
17716
19786
13268
17845
10548
11980
10460
10095
22816
14964
11787
10690
13972
6798
12116
7849
8149
8181
14411
26510
18791
10770
10111
15796
12590
10983
14369
17825
22304
10165
10648
10787
10809
8181
10876
9662
9289
7409
11036
12232
10925
19677
13479
5869
4089
9181
9306
10763
8273
21301
9716
11776
10174
12420
14395
10747
10440
8740
6621
15217
6829
6976
6262
1657
11404
8616
7038
3846
12066
11292
15143
12197
13481
9943
11146
8591
22426
15029
16664
21175
54745
29774
17841
13237
16308
14971
20033
13670
10841
14817
14465
21704
15369
15321
17903
14372
14756
9564
14237
9960
10066
8433
9892
11883
18837
10128
10147
12414
12239
11564
11545
9339
7929
13574
9567
12526
8628
8768
12056
14707
15649
9892
6018
9043
10532
13333
9039
5972
11395
7466
6787
10531
12541
14871
14941
13525
10790
18222
20476
17172
16459
11510
9641
18318
13574
9588
14955
12858
12948
16170
14563
20173
22139
24221
23078
15320
14242
8941
8953
9854
21622
19780
25912
31282
26279
21805
19464
32203
18952
20782
15440
16950
17384
18277
25732
27101
27236
23801
22959
20474
10738
29815
22270
17436
11463
13486
14559
15126
26154
9686
17445
11818
23835
11589
15510
15887
17357
10846
16753
17057
20957
14423
16892
16911
27929
20694
15128
12703
16448
25370
12300
13277
12865
12725
12492
10528
15355
13369
8375
11186
11442
9304
7219
7334
11336
12003
10272
21867
21832
13446
19210
17285
14890
16178
20437
16345
21857
17105
11614
10527
17483
12561
16993
26050
19357
14568
13121
22130
19086
10454
11069
