10405
8153
20813
14086
22354
20452
25087
21462
34840
34586
31067
21536
23164
32461
49915
20272
27329
35812
28353
32634
21406
21804
34866
16492
19104
18791
20503
13009
11973
20568
13831
12561
12161
14546
26182
17151
16242
14158
7058
15458
15818
20848
13208
19146
11594
11880
12184
14720
14591
14142
13583
16639
14666
25382
11528
12881
9618
4571
10194
9282
7187
7921
11267
20500
34718
9776
13436
14940
12066
13463
10249
16738
8786
17339
16158
18743
20866
13513
26483
37257
22258
15537
27180
15901
25422
28987
16688
29404
17736
35284
23084
16005
11546
16967
21607
22246
26174
22006
25489
20696
16981
26390
17759
24969
47478
21988
17409
21748
13625
34827
35915
25798
20038
18898
35043
21923
22974
20669
28166
27028
20460
16537
19345
19469
19165
17581
19850
27046
18128
18269
17955
17860
16829
34748
23013
18068
19052
38393
57392
22514
20214
163302
152254
75517
46148
50869
45542
86733
65399
44327
43692
46920
39697
31327
49256
42870
45887
45707
36493
24537
62407
31175
28181
45874
43975
25555
23137
30602
42483
30841
36309
39879
23775
33183
27683
27343
32297
27201
91466
171841
896144
164234
126606
76473
98098
76427
77363
54383
46054
62531
100949
54229
35016
56884
74286
47829
65803
39192
55884
37305
40398
40611
33368
44703
62924
61166
103998
53082
45710
45321
93266
66654
48648
57954
76259
59916
51875
35613
39506
29824
28471
50637
42254
48894
42043
46508
35771
62923
67285
57824
40200
23646
54656
46349
40394
63588
60660
68215
53349
57081
45417
33717
64354
49926
38425
34524
30863
47571
65957
61867
51674
53950
30651
43713
26478
20475
