41733
50552
41693
38002
29828
29747
43350
37945
31893
45955
54231
74757
128154
61373
64831
45782
44216
35449
31678
33734
35913
43513
44760
43789
29740
43999
28087
27340
51405
41589
31455
71057
50900
41335
40414
51691
66503
32073
22598
36546
71683
48491
49441
26122
28588
24277
9475
14109
20433
16334
19924
30019
32388
28486
30680
24068
24532
42789
31452
23945
37011
33434
27423
59234
48677
27795
28046
47476
32628
34539
26939
25241
31036
47601
47582
30074
49670
30444
57454
42661
33738
42283
27264
34981
32998
30934
37606
46229
33706
32110
31717
25252
34000
30109
35816
29556
45234
31462
25900
30845
30637
36113
37145
53807
34037
29151
25970
38123
40698
24078
28438
32579
25681
38485
38739
48610
31619
21988
30793
27966
29965
23178
44105
27481
30296
21905
25263
25892
25933
38514
44199
30357
35636
26356
46510
36263
85499
87332
58387
45850
29882
35612
46871
36370
45830
49577
71518
76295
42599
48891
43939
47447
34244
33262
32152
33429
46012
33925
45081
37851
41272
41951
51932
48791
42934
41309
37234
33317
36951
27369
37794
76650
47428
62591
54626
75195
44419
42200
62033
46780
41102
29356
56751
32338
34330
45716
51088
67940
47031
50335
25454
34836
42857
26103
51863
52233
54663
42212
49593
63713
64465
24077
39221
40490
47005
24944
31271
27873
48244
56509
25288
19051
23716
30209
19797
17062
23984
31626
25241
14652
13734
18017
14137
25257
20291
26273
21382
16038
30600
12722
16276
20311
19611
13601
20874
12470
17469
28171
18715
15068
11146
9314
15998
11080
6629
10877
16465
14414
16834
16339
17633
17735
13643
18186
19453
16914
