20129
13669
17114
18970
13428
18562
12826
13016
17906
20867
15684
25296
22495
14425
13853
10581
7799
21226
15300
19090
18457
20634
12771
13141
12261
11460
11204
10634
9200
11964
9261
13384
9620
12809
10544
4314
6282
6440
7931
10811
15790
11309
8323
12840
12810
13566
16947
13463
7850
14385
13307
12622
19442
20700
15025
12228
16698
16642
18343
13034
13919
10568
27681
20799
15315
14727
11049
11338
13249
16622
12442
12445
16506
12155
16456
12825
10917
17075
18467
13099
10713
10992
14306
11610
12424
11063
13392
11292
6985
11220
11750
8899
13521
11887
10726
15409
16608
14287
10157
12715
14938
10144
10506
11993
13166
9746
9518
8860
11778
10552
11602
16907
11231
9324
12355
11345
10881
13948
15015
12728
14691
16394
15810
20118
12285
25818
26800
20718
20687
17820
15198
21589
14014
18627
19112
22547
27122
16760
21465
39053
21171
15064
14419
18972
9935
18584
18664
19802
15471
15967
13256
18569
16455
13815
14182
17019
10057
21479
20102
12918
23011
9100
18855
17722
14800
11014
14441
19232
15958
10223
8863
14245
12668
11263
18866
9763
13218
12983
14641
10268
9747
7598
9500
11681
14412
10815
11107
8217
8913
10696
8810
7339
10249
8879
9579
6033
13933
13052
9006
16139
13791
18713
15298
10347
16295
18230
17880
21334
12494
8429
11391
8681
19618
9507
17960
23475
34177
19108
14091
16884
16142
12523
19519
20367
14827
26157
24978
21420
19281
35485
17153
19136
11583
9026
11604
12707
12952
13794
9011
18443
23856
45695
41716
30600
31175
23145
23118
24070
21361
23918
21404
19420
17650
15736
18447
16020
