13667
13739
26785
19662
11261
6916
23244
13563
12742
12401
15804
14226
12497
30704
12663
10439
13082
13818
11968
22060
22238
12485
7712
4940
2644
9308
10723
19187
9926
15268
15052
18945
13078
17947
15317
17962
9003
8082
18159
10662
13182
20762
21357
27429
27180
45758
42586
34802
37310
33083
32627
38451
38577
31894
33888
29380
30894
33254
25354
17864
28109
19164
13821
25090
38751
29430
34429
27283
25838
18939
19807
12477
13414
11070
19373
10180
15790
14073
25565
13977
12541
21973
37331
20515
26118
23584
15975
24267
25094
15435
24411
16265
20485
18965
16528
17605
20234
19972
21930
14731
23697
18072
19989
26282
52643
31701
30939
29558
34194
13681
68820
20589
25192
22356
40427
47368
34551
17730
17445
38554
25192
124244
42985
80406
41938
31436
34207
56654
28039
28239
19358
19582
21519
14791
32990
21883
74159
36799
27706
15272
15397
14740
15140
10121
19407
16780
13286
9014
32982
14078
17201
30899
17757
18688
13464
16848
19232
12313
14169
11389
18829
12536
12371
13866
10453
13636
23705
16007
49320
24787
13367
20218
72146
50026
27076
43263
21378
21264
22406
16642
19691
36970
33968
16466
11477
1031554
201799
145589
18556
18011
22413
23425
17525
13843
19011
30404
17537
49460
27723
15397
19551
17161
13438
109123
26683
17903
22285
16494
11259
11700
14005
20037
19047
20632
33630
36086
30733
20946
27008
15519
42534
29909
28732
20183
31793
35092
28599
28095
30458
22460
21363
25481
29968
21207
22632
50699
18173
24209
34120
29419
34505
34968
27802
17733
13814
24132
26339
29831
28446
20755
16004
22229
22007
25907
21802
53325
