27567
26376
27756
29842
27978
47944
42249
26279
33491
27628
19054
55029
22067
6169
14652
12681
19127
9674
24601
21559
29020
19407
26123
60542
34041
32910
57208
53929
70493
48341
53018
53620
29228
29110
35368
30494
25780
23040
17341
23726
29898
57575
25151
25158
23856
14442
18766
21562
19166
21158
35495
74211
41037
32677
20507
31868
32167
22100
28752
31700
23731
16486
22301
24305
14934
35721
9165
26725
36714
18917
22556
21784
19519
24381
23517
16860
30110
28637
39207
17872
13351
27613
27733
21828
32973
33871
23197
35097
34336
24668
26559
19072
31329
24350
38170
39796
30852
20569
22101
30184
20895
38467
54357
87015
55559
29650
35740
38632
69808
63178
40549
57328
52262
75603
43675
31873
38803
29849
34365
26511
28268
20920
25894
59836
29713
33908
31161
21925
24068
36807
22634
28255
35314
35524
20349
18350
25149
18924
15155
16380
19905
19831
27090
16728
16968
24758
13845
12319
10397
21721
15977
14463
27523
17133
19992
24795
20200
15526
12339
18942
18744
21461
27878
26863
26971
97657
46222
35532
19950
20213
27536
24470
15548
16306
34447
13910
20918
19511
17170
11764
10582
11769
12972
14595
27287
26913
18175
10744
13976
15272
14990
9576
15904
23952
21336
24939
17674
14907
17793
13784
17795
13408
14503
20957
31870
19230
19196
16495
16031
25034
13665
12611
11953
13539
15741
15182
12120
12738
18650
18240
14291
13971
16705
35138
10245
10544
13718
12371
12062
14199
10923
11026
10749
11008
15116
12856
7648
11796
10840
7281
12610
8915
12339
17448
26096
11682
18450
16465
12511
13914
11297
16756
13432
13878
21171
20518
