19330
17517
7224
13877
7148
11415
10034
12329
21708
23596
21050
14248
13431
11712
12577
14014
17888
15984
14560
16730
20191
18857
19390
64301
28288
30755
24519
18879
16581
25067
45202
24986
29506
23791
16799
33199
17700
19331
21298
27653
20189
17562
28923
31897
15709
19114
19834
17106
25476
22149
24714
15848
17127
12243
9164
12799
19652
22236
20477
24635
9901
14295
13129
12510
15234
13102
16918
18793
16395
22072
13998
20236
12121
25557
26609
14110
16356
22844
22136
15171
17631
16434
17961
12769
13047
16745
45874
34934
22218
14804
21775
20350
33637
33326
29779
14584
12437
14170
30780
32981
30898
34737
39006
53608
29135
27693
31654
22219
28090
19089
21224
32288
39181
37441
28484
21615
23387
14701
22043
27780
19278
21124
20697
21501
17759
22691
24356
22391
11515
17061
19169
22023
14787
15727
16725
16907
14766
12397
19264
26103
16028
20268
13966
17312
19768
21669
13818
13240
13585
18022
21442
20138
25165
12935
12188
12536
12033
11008
15460
18436
18757
15148
16282
18329
22834
15844
17207
22818
19510
13584
12366
17038
17288
26793
14172
16312
11642
26559
36370
33727
20760
28268
22559
24469
22164
21209
17162
19594
25354
18158
12882
13481
19769
21329
20082
20467
22191
21315
16576
18206
19440
19625
21601
21168
18824
14880
13843
21256
17024
14093
37722
26747
29526
19385
13306
12437
10877
11171
12982
11689
15431
14583
19406
11523
11428
11849
13870
11372
8698
12508
11944
10474
11522
13844
11966
12306
14975
17258
16339
17094
10608
13418
9144
18245
14082
14998
13055
3656
16272
9198
13579
11418
15240
16660
21302
14913
