13747
12143
13456
13026
7939
20902
31151
14929
15560
18407
12768
16244
19688
13569
19332
13202
16662
19898
27936
28517
24956
24687
32952
16345
16037
10106
9188
13068
16602
19797
23422
18683
18775
17291
14378
15411
12873
12900
13292
12820
18095
27576
17931
25650
16638
17151
16758
25414
24682
12990
18104
14845
16958
16836
9143
9012
16754
20041
22509
22724
25284
15317
14701
19402
34152
20509
16381
24566
16618
15383
13006
15944
18331
9305
21664
15436
14149
18615
16311
22433
33000
32299
32417
35425
37590
28818
20875
27476
30799
26803
27531
41607
38004
26153
31467
30649
20828
29247
24073
26382
34161
37271
19352
30510
31116
32030
25806
26052
21297
19578
17157
23910
16428
38136
19373
44677
33681
22583
27740
22499
28592
27806
29257
24215
24163
16549
18141
14561
16822
16367
23419
10567
18661
9528
24886
28376
15005
13152
20427
29468
18079
16128
15305
13548
8066
11446
7024
10067
17033
18011
12536
12193
15867
13195
13433
169109
118923
222035
151247
83576
178935
229334
173326
232198
146244
257562
404508
380998
297225
381637
284221
372196
740190
516947
304535
206615
301593
421553
237134
152055
191105
356714
224924
221201
150615
193960
193519
219195
115680
124489
249735
254161
207385
112140
124893
124911
211209
143209
248501
235063
273594
905819
128917
61121
331722
340855
193615
183892
184488
287314
219545
140806
108598
260037
182722
286581
382465
137764
430447
285561
238917
296475
158592
464189
512421
338746
204620
140892
184235
526001
298233
303512
241917
213539
156197
137608
54226
75809
121801
123475
63931
158890
423309
757882
747504
236410
219320
291022
151716
271906
206288
226426
246591
271029
212537
237799
