324212
149874
208809
224740
355668
522889
221002
206601
307193
361363
341137
186233
422828
324526
427626
274201
292408
269595
139245
381553
280602
190410
191553
123371
259625
161517
191639
325913
222199
196063
250870
147682
126413
171948
235770
363998
349654
415472
447759
528999
489614
283882
252810
245570
186563
198425
209692
173809
188504
220820
312649
146972
228703
158016
192708
120278
156696
232665
577935
284688
3264504
1397861
445684
541407
456097
412943
424507
258351
297534
561139
505993
482462
460469
390981
509704
362725
356643
190067
331569
296290
461912
307342
263194
439064
498802
206477
201930
227511
179772
296468
290507
270381
196593
247488
172602
186110
227056
206082
143381
175403
203284
157512
146064
237088
323444
382208
457759
513880
280789
422272
247166
293065
362226
196020
406607
243691
1044008
470001
250061
372705
249829
223424
171489
170361
159942
344700
250897
207357
219909
178534
568576
209741
352208
328263
291089
209312
289505
264830
359504
281409
185230
302070
203526
268576
207027
116223
214903
144803
107199
119810
158731
192796
143835
313554
146853
222530
142697
104663
119864
154200
207648
175424
308740
146164
147343
178773
190089
194911
184971
158082
202639
319587
347135
177903
245798
153306
244278
346014
137321
154472
230377
158838
227462
131269
174238
175781
253526
163685
170759
150875
226018
365388
159936
178268
125146
156888
164080
133905
103395
131706
149178
125581
94031
111063
83288
61718
113602
141412
125816
107500
146683
84857
131535
114208
148922
164932
117553
113205
97328
93690
184686
116535
96879
87515
37600
74112
88344
75592
76968
145701
242462
227500
252662
259411
146732
180090
124274
137531
215404
165669
181524
187039
222076
153051
183274
273028
1308921
1128302
547625
456702
368437
398838
393729
273785
285856
237423
