342027
373140
342601
247351
195068
266431
276584
179270
271192
348435
305633
591609
778961
421637
294131
264668
138589
201412
152509
163302
207141
173347
277048
232873
455290
334201
163944
138406
129826
673086
297737
115926
207209
149344
163214
146930
100691
160913
129942
161525
88086
107641
197176
162211
238411
149604
147845
343044
969165
642508
256466
354039
277058
176733
184622
193627
251907
184050
282314
364155
227549
175073
176074
183668
197538
223604
231251
185513
275757
286359
163149
266774
235088
212489
192627
214749
202955
230858
185543
225310
241153
307194
147254
157060
137982
224719
153346
253960
123719
162881
150674
213824
223995
135742
196527
317991
162969
193027
160042
193674
125162
237466
214485
311689
188492
248088
199030
170664
229787
561057
314868
132013
125970
124686
214595
221212
146184
102594
99490
89918
157950
187167
171617
214562
195830
163757
142220
223228
215758
191525
28114
30810
22714
22223
22714
17327
13563
13799
8964
16599
13425
10464
12016
8615
8528
6624
8888
17057
17066
32031
27457
15473
8058
8334
6054
14096
5542
8529
8602
10948
18413
9356
11173
4420
7242
35941
33372
23017
37013
31044
114751
36438
40076
39765
46888
63163
52869
37193
35087
33377
32945
27356
34299
30138
26131
23801
22602
20112
15980
26433
33308
25515
24430
34841
43788
27734
47834
30746
17710
21050
19086
33089
39853
39064
31747
28115
57066
59389
29527
34837
20921
26731
15197
9184
10504
13249
14770
21978
23301
15219
12357
9340
10386
8387
19967
11206
8409
26322
25779
15932
18595
16213
10121
9834
19880
23033
17743
15364
12832
29005
11857
22403
16420
15003
10655
3196
4812
7616
8450
15591
13183
18208
13357
12179
13572
9948
