75074
59719
32531
30648
19672
27231
35002
48928
30411
40155
51825
31813
30102
29286
47671
19523
30944
38975
28304
25229
25877
34138
23113
21697
17348
15724
37181
20402
26159
31639
28766
18552
23384
23689
15380
14838
16511
10865
59915
23320
27989
34433
18982
38877
26304
32355
28986
18315
17157
14140
12204
14125
18847
16918
14058
26535
32973
31325
18819
44993
48266
23701
18468
25625
11927
29109
29637
16383
15514
22224
18085
19795
43582
39179
29711
86975
31820
35630
35276
33639
40455
30714
36443
21755
22912
33431
34762
34912
30911
31388
36094
24097
25245
36202
30995
29139
28250
18379
23481
28793
30889
42786
39996
44010
30183
29148
24879
24143
27537
22196
19710
24302
22383
21834
13054
20230
25953
16869
24613
21566
17565
14464
12050
12116
18074
14157
17734
13397
15938
33454
44393
146116
60189
52369
31670
25731
26059
21455
39402
24885
34596
15123
23196
25317
28719
15550
16105
15623
17471
15772
7524
6208
5949
7318
6036
4706
6574
8026
6869
6153
3511
8914
11380
8721
7310
6445
12874
7249
5507
4985
4489
6199
13917
8098
4688
5481
6482
11220
5945
5508
4376
6023
6463
3913
25066
9138
12204
11168
13391
19307
16585
15957
17599
15332
12560
18074
15815
8898
7077
6543
6448
7287
7905
8023
11199
8675
7752
7727
10576
9346
6420
5435
4738
10080
5238
3458
4767
10120
4880
5627
3699
4093
3827
6554
5169
3686
5103
4973
4086
3878
1793
564
3037
4498
6679
3531
6406
8053
7621
8214
8851
10406
13587
12474
7488
6136
4991
5930
6818
8236
5265
4844
7553
6659
8217
13566
