17527
31914
23426
13294
8675
6878
4992
9876
8616
6932
6666
3870
8356
6096
12330
7526
9081
6943
6281
6637
8413
5198
6383
3437
6948
7792
7966
8343
5376
7263
11608
6540
13583
4664
5382
5307
5845
5246
3065
3443
5992
6543
4741
13056
9151
4946
4982
5172
6006
4508
5892
7610
7724
7270
18515
10988
12165
7152
8466
11781
11141
8432
4866
6368
12776
14176
19698
15130
11612
8836
6578
10573
10737
10315
8610
12409
18038
9938
13207
12655
13830
9300
9005
7165
8514
14781
9420
11246
11084
10745
6658
9279
7354
6718
7332
5980
7005
5160
5683
5591
9277
5123
5305
5922
10939
9159
7019
7078
6262
5946
4724
10112
6716
6197
4698
5611
7324
8049
7502
11080
10724
7697
5515
8183
8440
5150
4928
4182
3761
3938
2899
4846
4974
4958
4689
4196
4952
10930
6154
13298
21211
18833
13879
15857
7828
11251
10992
12868
12711
13418
17385
9126
12929
13731
16402
22050
19013
23960
23114
21265
20861
11071
27003
10891
9274
19843
14718
7377
15104
23748
14543
12087
8166
8155
20849
14935
12873
12828
16481
17727
21242
17190
13233
16922
22734
19798
17199
13498
16694
15794
14612
13648
19023
16909
18850
11766
14938
12620
14185
12200
11829
11540
25647
17532
12988
15296
32760
23983
18710
17986
14838
16373
15696
10368
16979
15346
20285
13855
12032
6385
2224
5004
10947
5757
6613
8129
11604
12607
22171
7426
4830
6910
5317
9960
16201
9207
7798
10841
9145
8891
9130
7927
11002
9401
8125
8239
12494
14511
35767
20215
17388
9379
15366
14083
15266
10842
