9905
9854
13147
9293
12729
16193
11584
10974
15001
10625
16642
11952
12706
11744
12368
8130
8215
10326
9715
10475
8700
17170
7023
7083
7892
8011
27174
10050
6988
6416
6081
8015
6950
11509
8329
8840
8467
5787
10515
9039
13244
13730
9341
13491
13294
7870
10541
13371
12934
7637
11714
7746
10030
8651
22200
27343
19669
11388
9929
7206
11017
10282
12066
10995
20126
21503
12206
15174
25126
16336
15662
10144
10013
9695
14582
15694
17058
18527
13074
14305
16601
15061
16255
17783
20147
18717
16076
14100
14751
17297
38266
23827
21331
13561
10255
13134
13168
20645
12267
10731
11361
9721
10138
15326
15886
14016
12961
17028
14463
15180
16366
15496
13859
14911
16548
11956
16202
31205
12545
14828
19635
14117
13730
7640
9923
12034
10602
11224
35439
42906
29757
20812
27895
22813
19426
32915
25989
20083
14463
27574
28298
38901
32498
41388
44781
41845
27500
26454
46323
36529
42858
40664
24092
28038
33318
32488
26323
37512
39669
27096
45516
31417
32812
34783
28564
30258
35329
37835
26269
37664
33771
51077
40311
44764
39647
40825
29155
30097
27984
30875
41454
38079
37339
30293
17993
35912
54381
27066
39063
29859
16597
31000
26780
32602
32433
36251
25895
24063
34826
35674
34867
19539
28344
28234
31044
38573
20527
42088
37958
11805
19049
15104
13162
10958
37283
30849
31549
20964
42778
48388
29941
31909
24044
36927
45764
28987
31194
46887
23036
30152
36210
26395
33048
17175
24084
32993
41320
43513
23126
28150
47080
30734
37089
30634
34708
35186
44883
35354
38330
32188
59936
64470
62544
60999
55025
33794
