198012
230608
269896
353780
226128
177552
127505
215280
208350
284922
582568
545665
325530
177600
498010
383121
366761
391322
553449
298856
586317
608497
281078
276909
211612
397301
223531
248888
303692
209128
252654
247615
435564
466109
288845
321308
208568
174843
342456
270566
287610
367779
400528
428309
201805
359728
235174
230221
166050
172441
136432
131817
256968
206380
349402
305345
233887
194527
208853
168516
214810
199280
147619
194782
167388
173716
231085
241974
185580
296551
174498
276337
188422
216515
308438
246437
201394
205071
184495
224873
238015
216974
191115
215025
364202
222314
193097
266399
441487
230720
244129
172298
222147
157679
131331
159636
136204
167887
196557
175035
132059
127372
148881
128065
153452
122811
10365
7437
7277
7931
10464
7246
8724
15993
7482
7308
7349
9263
6622
7363
17159
9719
21691
14051
12969
10306
12996
12911
21769
11855
8379
14400
22826
23561
17481
22971
15336
12657
18596
8656
7731
7135
10824
8505
12814
7567
8739
32518
31669
19039
19712
15335
28657
12340
12072
7689
17649
12130
16303
16201
8505
10270
12240
9396
7113
9094
13519
16176
4607
15855
21481
15444
29888
51862
21969
14376
10453
17532
10346
15952
15571
13949
9721
21400
15561
11515
6702
1776
5600
7107
4126
6430
10188
16643
30415
22092
15169
16483
18273
12873
11922
18263
9170
9644
19512
11974
14373
10358
16985
17819
30297
18559
23051
14100
20424
26839
23327
20846
23450
12271
13117
15998
12973
8957
14595
12570
21287
17347
13252
16566
19424
15630
8114
7455
28403
16320
12567
11922
11846
10958
7977
10902
15932
7798
16873
9910
8593
9525
10848
8998
8842
7086
13484
8235
11775
7260
