16782
12369
11473
11985
10536
12423
13626
12869
10115
7723
19153
26169
16976
15071
26420
84351
39105
33306
22558
28177
27442
26760
35605
28437
21327
16746
17557
21307
21286
17553
12685
18152
31108
19828
28778
15935
14757
18568
17126
21540
23076
27976
19909
31910
25567
21433
14401
13514
18032
22583
15781
17991
32634
23905
24517
24234
26723
26348
30511
34520
22704
10951
21788
15526
14025
15583
12853
13117
21638
13324
13602
12845
10301
16188
21043
17854
9788
11650
10091
13424
11171
13143
14283
18554
9581
12447
7747
8761
15317
15882
14647
6419
7770
10923
14901
13278
10450
11788
11786
11940
18965
21550
23847
20935
20299
32009
28982
27465
17516
15058
22105
18104
19253
25824
17937
25603
33229
124861
36165
37328
32077
39231
61751
39948
34049
25458
13190
18528
21647
15991
20225
33356
23063
21495
16432
20125
16566
24880
25160
26680
21218
20894
14973
14240
26937
12593
15829
26097
19044
18111
14108
12196
10981
20180
19426
12080
12134
7577
23688
20190
16857
11096
13697
13433
8399
23767
18514
18000
26256
18204
25587
20924
34894
22065
32065
50038
7479
22704
11794
12396
11536
20613
21166
21641
18999
27644
24292
29714
28340
20767
22689
19795
19498
30017
29440
21646
29309
25703
17384
24126
39260
25651
11403
21835
19262
14610
16916
10974
20948
14590
16613
14830
12173
17348
15537
27470
12908
17179
11190
13777
12618
22147
22697
28640
23779
13519
14132
21797
19502
14212
18837
18772
27017
29826
37308
38022
69008
137648
52932
34619
62049
41738
58148
31860
25814
29643
32043
22436
21695
26742
40678
35734
33979
24400
24113
16845
