19665
14322
16483
23588
15963
13511
21319
13328
18778
18320
34531
45366
31350
26386
24742
38598
38502
21288
21311
27150
45296
37336
20760
24229
28234
17260
27315
35087
50189
28374
26682
25570
36794
29607
30682
40836
31452
31023
35683
25470
22533
20668
37924
49786
29227
30565
21827
28948
24866
37025
20094
34237
28118
28790
11974
17700
27803
28770
40498
37959
20310
29839
31594
24006
52007
28267
32652
29247
40946
31201
21560
21300
44617
24778
23289
16753
24271
20099
36954
19331
21271
24187
26679
38229
15914
12367
7180
11681
11815
6715
12199
14196
10533
9251
6752
9016
6415
9513
6780
8709
25524
17752
12490
11404
14413
9983
12230
11056
5830
19655
8573
8962
9691
6433
12384
7492
11505
7231
11731
7751
8123
9053
5755
9382
10766
7687
12316
7815
11704
14062
17099
15980
16534
25103
21045
13786
13484
10776
11698
14356
11970
13015
11728
11031
13308
11845
9825
13324
14633
19069
12221
16558
8581
5103
5160
6393
9116
4459
7348
5359
6851
11246
4697
6235
5401
2649
4840
4988
2890
3712
8996
20448
8729
11068
12020
10945
8670
8271
4968
9774
5960
19479
13071
10154
8194
6666
5751
8744
16818
7927
14265
78816
26923
31093
18484
15142
11332
11940
9083
10973
8856
5624
11469
11125
11749
18873
18337
11029
7404
13987
8340
15281
9844
6628
7040
10667
8700
7214
18134
6717
6088
10508
10566
6760
9514
7178
6715
9726
6801
4434
3964
16558
6241
5198
11053
4652
4306
4291
7581
11867
7401
12254
9820
8677
7957
9275
5922
3678
7524
5539
4188
10407
7144
12250
11789
18658
