10219
26302
14940
9738
9872
7765
7740
9918
10884
15117
15115
14114
13025
14675
15753
10769
6587
7121
8261
9509
8345
9191
7921
34320
9938
17453
16056
14260
17312
10976
14211
6883
5928
4645
5350
7970
8883
8759
6265
10761
10285
12780
7425
7027
15825
16473
12561
7282
9465
8792
10316
9854
6725
10444
10227
18189
15719
14068
12325
16836
18317
11299
8563
6915
10737
5609
4074
4715
4079
6186
6254
5556
9527
5284
5011
3520
3730
1889
4163
6681
6120
2532
4469
2895
4248
6104
7854
4748
5195
5901
14241
6613
9788
6183
159406
25433
3773
7718
5539
5003
3558
9278
11024
10997
13941
7203
5069
7734
5752
5406
4038
11007
8195
5661
7611
4462
4806
5068
3376
6753
4930
6906
13813
11501
8110
4602
7469
6626
7940
10391
4797
4330
4893
11449
7355
5146
7008
5803
8554
5314
4082
6786
3432
3365
6073
5403
5018
8318
4918
10816
4451
4628
4637
11761
4591
3291
3401
3164
3211
5783
7754
5200
5147
3738
5454
6723
6532
3989
4698
4289
5435
4506
4889
3940
3360
3394
5127
7056
13252
8548
6815
8820
6884
3644
5231
7377
10127
13104
7353
6087
4904
2874
4611
8660
6278
8901
8449
9131
6967
8384
6650
5104
7784
6734
6465
6126
5878
7098
5694
5548
4956
2951
8328
4328
6332
3199
4749
3898
4112
3979
3646
10518
4707
6656
8237
9646
7223
5078
5931
5366
4701
2881
3428
4902
4917
5113
2083
2907
9562
7574
9808
14453
10729
6579
4988
5378
5389
7068
6105
3048
2693
1606
2598
6940
3692
4487
