15488
34181
22928
27725
18854
280571
45445
29487
19967
5708
20718
19344
12960
10929
39365
23423
32861
59961
39875
25494
23695
19961
20313
16348
16712
13103
20399
22858
25465
25528
31923
34478
34750
24004
27071
31075
32578
29683
21091
19543
19308
19483
17261
14844
14113
12220
15790
19732
20721
18633
22770
20073
22491
25158
18877
37917
30902
18617
25959
23912
27599
16052
21542
20982
24849
47798
50424
21707
27341
20494
19597
29726
13693
24907
17500
15617
22029
21402
24533
47130
19956
15420
17111
11596
13588
18580
17168
19945
17892
20521
12625
9567
21844
17596
13963
21369
10328
22879
24522
43132
27488
19778
15126
12569
14137
18424
19794
31023
20140
41893
31545
17902
23543
19137
14398
23878
19030
22356
37465
25210
20123
29749
34094
26757
20983
19600
14770
11227
21673
18739
13448
15794
15785
13833
18418
14220
16757
20131
27976
19344
19690
28041
35324
13280
12414
16631
14499
14834
19928
13285
15112
18846
14262
12568
11542
26370
19380
26107
18991
20158
23177
16538
43067
26900
16413
13297
19002
15104
22112
11774
14091
32108
20161
27841
21768
23210
26075
25023
16562
23577
21844
20272
26345
16376
17468
21628
29315
20080
25758
23477
17208
21702
16798
18326
21379
13976
25967
14449
20609
28543
33696
25175
29759
26075
16937
27629
13443
12442
20883
22265
20473
23788
18614
18837
33528
28820
30820
19702
25275
31958
20558
20473
19386
14012
16774
33865
39461
25070
25941
24888
34972
44827
23670
23784
33617
15900
30657
16981
33528
21731
49179
44976
42505
47951
43861
32356
57572
36091
50635
32524
40014
26323
