25941
24888
34972
44827
23670
23784
33617
15900
30657
16981
33528
21731
49179
44976
42505
47951
43861
32356
57572
36091
50635
32524
40014
26323
16771
11556
5365
17330
18562
12224
10157
22439
18258
24732
14272
20720
24145
20681
19365
31021
21980
22957
14023
31556
33013
25983
35110
30678
33916
34439
22447
25383
22841
39350
40569
29788
33968
26385
30148
32361
52479
32250
33238
24855
25578
38903
42630
36475
24146
26303
29827
24768
24173
33532
20017
22807
25006
15578
19960
13883
17127
27599
30447
40053
41464
33269
30498
47101
66526
24899
22698
19183
24548
21290
16509
19516
22361
52914
20108
17687
22024
25103
34336
24799
32848
20084
23533
32321
26926
28101
49512
36319
41079
41556
33734
28505
45944
48687
66681
35920
29340
29556
43971
32890
29819
33927
33995
42590
24244
54373
27294
25739
28411
31427
46295
56291
106092
52429
56848
41763
34347
23400
22671
23408
20281
24147
40492
27594
60796
65648
56018
68461
50655
49315
45996
52605
32206
34198
32569
35916
25568
22832
24592
27468
45094
32580
26379
25987
25056
25070
53714
39725
167685
81717
52108
52793
37469
51767
36362
29363
36189
19061
22516
34926
25650
23961
41176
38073
36762
41591
21625
19892
23189
17682
16494
20586
19454
20103
27073
18455
14301
90429
23747
18623
24054
23035
39483
49571
29029
23174
37530
22957
23855
18465
21749
31916
32185
35838
25874
28026
24512
17905
18322
16236
11827
23258
22197
19595
22850
19471
22416
22901
16507
19966
25137
25117
26880
33189
20624
32217
29737
25868
19863
21210
26592
14804
17137
14966
20422
15327
23072
10591
6098
19238
16080
12504
