12260
14768
19049
9392
11891
18225
18192
15511
15874
17530
12497
29252
13236
14169
13194
2008
11383
17822
8325
11380
17957
25812
15268
16158
17604
12354
19423
18317
10173
19512
14821
22573
29083
30075
26002
21326
20796
21881
17491
18737
20609
19322
26110
27424
13808
15514
18286
15510
21034
17936
19932
12768
12688
9761
24531
37362
30940
18047
18831
15330
21183
19381
17767
14136
17639
17468
22565
19142
18739
22645
14663
12498
24460
18825
18506
21536
20423
14542
16387
14577
21534
17668
15938
24855
28458
31158
16086
11927
18956
22791
18322
22498
19137
13985
33692
31602
27336
14310
38456
24936
21130
23286
15734
25684
35678
43754
40986
36407
21365
27451
18999
30230
24431
21971
41308
32686
31369
24538
26846
28165
20163
20259
31762
31031
13493
35892
41926
31509
28417
15008
30693
25812
18875
18494
19205
14728
14188
20430
20548
25732
32437
13468
22615
27669
25786
25002
59430
29509
30486
15555
21948
24324
19699
20858
18804
17212
26187
15839
33242
19606
20486
14582
24714
21963
16825
27628
30552
19682
17448
24220
27543
37612
27009
13313
15993
17678
20625
30681
19007
11271
13453
13089
10161
14669
11197
20066
21120
18830
11190
20884
18697
17420
17793
10501
10825
16378
19710
18559
19871
15063
15038
14157
12895
12956
23330
24304
19635
20807
20037
22775
16949
13685
21038
29216
38073
24666
23465
12481
12771
18883
37770
40639
24349
22230
25255
19042
17622
21176
27841
14346
14965
25658
12746
16276
11648
10876
10895
16285
14155
15719
8418
14076
12282
10501
9937
19202
17670
20421
13513
23928
19647
16911
25222
46364
31244
35965
