19213
14404
10093
2791
8265
12047
12270
13364
14254
12044
18333
16483
13753
23015
12798
11982
14396
23617
15757
12953
25660
21587
23865
22587
16826
20216
18445
11313
22388
20301
31384
39079
18321
19574
18427
26774
56283
43635
23434
21545
28986
22570
21654
18458
21823
17111
17164
23623
15057
16801
27386
14744
23196
43803
26082
23549
23823
29658
27250
24504
35514
28485
24482
27359
25192
27102
35460
16253
23066
15876
14996
17090
17746
18484
17095
18569
19526
34120
35300
34727
19259
24816
21061
23017
38296
23190
38045
18684
31311
51584
36064
40886
23164
46985
53313
29063
26341
20137
33283
27632
41932
38186
27643
41011
44218
21833
37363
34106
29521
18072
36525
24828
18610
31475
25678
48375
42022
29255
25157
28793
29343
22706
24515
25764
19856
22708
18114
24055
36683
19373
23075
27718
36374
18598
27360
37176
18087
16637
11976
20526
29945
23064
29226
16725
20685
49871
35201
20238
20906
22741
13971
30076
23196
20731
16321
18140
26710
28262
18227
21820
34311
47193
23434
21565
21837
43878
42587
39983
34574
26384
24173
20884
22075
45183
47543
35626
26710
28356
35674
78969
43813
37197
37033
27520
34177
23709
23975
21767
28865
27660
28282
17692
33996
42203
44296
23477
21163
21425
22642
16934
15600
22938
44601
46643
29390
50034
24760
51382
30388
37489
58866
173526
100910
66913
39134
28678
160429
95247
63768
57679
49715
45459
45784
31655
42766
28831
34546
40330
37047
15999
55333
42173
32144
25449
49406
29352
24729
20404
23295
18643
44586
28195
26261
18609
30819
23547
19649
13685
7906
12042
16507
11593
12407
26395
77196
24376
