16589
25766
31980
51291
36375
27240
41190
28473
35813
31176
22532
26354
22403
21523
28070
32700
25575
44785
39633
25402
20286
21458
21231
30531
17190
18897
15160
16001
21891
16153
19017
15619
18595
20993
23603
38904
15393
27066
38429
25389
24452
22362
49353
31360
21731
14852
17362
19285
17389
15316
22769
19011
16298
13475
25629
28887
22635
31639
22312
21884
22516
40458
22260
26883
34434
31129
27955
26231
19539
31230
26114
41358
41650
51693
38670
20865
24691
25494
27877
36614
25699
37485
39535
24697
36085
39730
30381
33008
29288
29412
23442
30766
32138
37189
32029
26956
17185
21390
24913
25650
18275
23985
20511
16499
23443
22660
59237
19923
27417
31560
29313
19862
21912
20025
19972
19399
17517
34453
25640
32270
26359
22098
24972
20129
32936
36466
30194
45260
34044
50950
43443
33912
44059
34109
33540
27316
22437
31702
27013
28128
21342
26755
29334
35605
40716
22659
18686
20810
20942
22628
24822
21181
19459
20830
24394
16446
11508
10256
26367
18035
13642
18676
19037
15799
15821
12790
14313
22270
27927
16191
20831
18035
17192
18706
14849
13768
14816
13972
13098
10702
15656
14604
12034
42990
88321
139430
45792
42202
50488
45426
41415
53203
490827
147249
93886
85127
75293
114758
72181
138472
44011
71585
48632
72897
34661
60660
78286
42194
41978
16718
16619
24181
50425
30838
43263
19203
17157
454281
54618
41957
48471
31084
26829
38397
14074
22455
9091
15457
8161
10832
6287
31214
50514
17314
37420
17193
8460
28842
15551
19405
14533
32635
18803
28155
26901
24088
23968
52665
38846
29239
31218
30401
29047
93838
140784
62626
