46205
27585
38473
19907
29143
65568
20890
33765
34348
55348
30947
26679
47
287686
397348
659566
485266
439649
334249
231031
297150
210712
293429
692052
370400
505521
365272
2444312
861845
618717
505622
863398
600473
635993
452640
572398
348916
513152
618236
360424
465643
686220
347223
382236
410810
380628
893741
317647
893344
696724
388598
520807
276566
526421
497364
642354
578409
551073
660042
713453
592668
365981
1214658
772703
413469
355078
265559
1395803
957801
1216088
810007
609982
574126
1143415
346626
199775
410337
286177
298433
323713
536572
1473727
835782
1455763
772826
461710
354533
249646
326381
580878
523192
288751
245480
241460
79129
192644
320971
231875
310798
593080
955688
387192
588000
202971
322779
345157
261237
1492462
1063693
810937
811280
680173
557307
371440
358284
362791
335619
414285
333413
867659
425172
477496
307244
370961
571192
2511273
774936
650711
454365
347419
333766
1365413
342404
488964
371685
386500
333127
342594
199189
278879
356490
310672
749141
963835
1309604
514501
416740
407369
596001
583149
632446
591816
336268
779113
1471702
771788
401323
273180
436854
620074
467647
292250
235036
429892
634583
553471
754690
806076
458607
453558
493350
585724
609908
565009
1079588
834297
555519
757639
1242660
869268
592862
401529
510072
469449
873164
1000873
626104
541233
662874
1034458
605889
761430
1148863
1033912
646802
756396
1234628
1711727
1610898
766320
576582
708261
702277
674998
593883
842316
734907
730415
461307
530332
403805
549069
354275
501964
368575
522131
633502
695256
414869
542472
698190
681839
422967
543680
242161
429908
628166
610377
423425
584030
797006
299963
525155
535186
734076
598156
462984
426204
392442
844600
941730
2119652
736525
780882
620856
673523
503110
519189
487446
315280
293126
393943
343566
222046
411715
516718
