617751
534921
19708
23355
19468
34047
20908
16592
19189
14013
12930
12278
20726
13117
25799
26363
14699
9468
20370
26119
12739
19378
17046
16402
25034
47744
32353
40570
76809
62513
55322
64752
551534
48567
30271
22639
11474
24337
20181
24317
15582
35004
39386
27657
20262
21876
17798
22800
46710
44295
57264
21574
24078
28072
27711
20801
25421
32181
27537
34509
35129
42698
35039
53648
61950
26006
25320
31906
23536
26292
32021
26044
24999
34400
14752
30027
41439
30501
162914
26636
41877
34553
33913
34397
31140
30677
24065
25510
15151
16853
16970
21840
28238
52677
29113
27853
18731
15765
24784
33623
36347
157248
80600
44256
39445
59865
34529
46585
48532
37805
45872
69106
68437
53966
60218
47815
46414
39503
50373
51396
44267
25016
63264
32041
34072
23353
52925
80882
47543
78147
41221
24229
39474
45600
51116
42237
43867
51934
24121
38161
37954
20276
21695
21969
22056
31358
57694
35298
44461
35663
45181
46115
54785
36795
42567
28826
47392
32579
28411
40351
35363
94368
36008
55804
40656
37781
18416
30794
20026
19202
14679
11999
18321
24410
18710
25825
27075
13313
16321
19505
14067
13848
16037
17620
15765
16196
26908
29072
18381
15596
14040
14942
32295
37773
28716
22608
15625
18613
27961
17602
94353
109927
99323
83908
80924
66481
105916
146692
85500
113135
78565
206080
163752
96381
92154
107599
99970
97143
144985
90899
71516
118270
164678
179400
129241
93079
141584
118015
85075
72789
108923
69970
104376
88916
100194
67601
74390
101432
101253
76982
59224
104133
78573
64797
103867
169976
135056
140110
287268
136804
133657
120389
85424
88653
72300
80370
