102739
64760
126939
89940
74335
44393
119584
93108
74383
95549
128690
54654
60114
66838
211447
113706
90481
69762
78993
62415
299724
118270
80878
42585
20479
51641
74010
46048
37631
81849
150312
71052
51286
51384
56958
77147
75491
77586
109312
94581
169751
268360
122806
123370
112462
106011
143664
93709
67493
76680
74692
97712
110420
79942
104081
100163
92590
78753
84085
64774
46508
48664
84918
82567
64605
93118
60499
63517
85610
55174
64462
61643
44985
66785
122328
89894
64166
59208
169040
106829
107083
110192
81647
88279
121490
189824
102317
68593
63930
75442
77755
78828
57945
84059
71673
61909
63051
73523
78828
96031
109072
84914
75338
137329
310504
104491
79381
96204
105977
75962
75038
96655
112351
111534
177871
224074
146675
119968
116675
109628
115408
88257
85599
103567
126002
128619
85397
118768
121023
100519
82621
97673
99660
92290
114088
98320
99355
118605
94381
86379
87402
86738
94847
71778
94189
66198
103166
78959
64796
89347
71981
189466
169650
157496
84655
90851
104931
70870
64532
79605
59580
62900
97918
72695
74257
120653
194232
89468
97510
86000
77161
67063
78412
83369
71889
76722
74908
51787
64512
92258
59819
60971
73632
70316
68117
54577
6378
7546
8620
7034
9150
6916
7958
12554
10935
7984
6709
8992
8730
7585
8986
10026
6714
8674
33757
9250
5939
6423
8199
10026
5672
6178
11417
6318
11062
7946
7707
4817
4085
2458
3687
5238
3828
7105
14078
8284
4401
8269
8962
6617
6881
7588
13004
6635
7332
5069
8391
8534
6779
8672
7517
8279
6074
5447
7824
7215
5941
4835
2341
7142
6309
8286
5361
7846
5921
7265
