6850
6376
5503
5406
6032
6268
6773
10177
4101
5150
4317
2448
5308
4123
4407
4580
8667
9537
6897
4830
4538
5529
5051
4457
4732
6700
2813
4887
5452
8339
6448
7327
6023
5135
6961
4494
6471
3304
4488
5446
5127
5215
8324
10843
9219
5071
7305
6095
8947
5787
6377
5212
9327
7005
5798
6893
7010
7342
8591
7978
3982
8324
4651
3866
5462
4829
5603
5072
10213
6246
5984
5143
6383
4359
7008
4862
5794
5703
4733
6247
4597
3745
4770
2918
5017
7669
5939
8334
4525
3484
4905
5212
5325
4450
8434
5139
4450
6454
4440
13534
7775
14513
14033
8494
28400
50164
21823
12470
10273
12886
12341
20111
18027
9417
15415
11547
7217
11231
10879
12323
13419
17139
16536
19757
18396
21938
10641
12836
10341
7621
10530
10939
10055
7377
6465
7159
14214
4473
11473
7322
10785
7572
6804
8738
5610
4705
7948
6951
7461
8245
10082
6669
8423
5382
4852
7045
5074
10106
8808
9915
9168
8194
7016
6120
5316
6997
6367
11711
8652
8193
6292
5388
5452
6620
4778
136181
80486
116465
94779
74998
67853
91397
126558
96098
92735
67252
86337
127655
112575
77349
162993
121031
136315
238643
126244
141983
221957
189039
125252
93184
138160
114821
162674
106154
139169
142669
65360
114080
94803
101421
113657
132133
290659
202866
123708
101302
127639
127835
82645
87119
80247
121596
123731
187541
138641
138502
122071
116976
121279
111105
78044
75113
58991
69946
69148
50213
72812
120950
134658
92591
66159
160939
95081
83329
90679
102847
66481
186061
122910
178732
140546
127259
80858
106073
63816
21750
