32298
38103
33809
37125
140241
132482
101436
194945
96551
95865
114490
125308
66127
132355
108023
282456
495126
268032
122159
138966
164891
148735
105106
85239
154955
121334
282991
197319
147339
160208
260450
97116
159815
81142
101382
107887
261474
149534
117616
96363
116963
113109
79137
59047
105807
72932
80037
70811
61323
82017
76553
199250
165631
155431
130297
89254
142623
77796
92093
85906
119286
134404
118244
86540
103555
94265
129329
182769
154792
102270
67082
77759
70232
165335
137973
204240
105377
129567
111615
84989
103123
86095
137885
106358
76825
100425
74522
124323
88125
203557
315262
210644
155124
110663
82936
219079
177011
198537
218716
233370
162788
96489
151426
137127
96232
108903
154058
114007
226150
166276
125807
114133
103363
133169
78384
112910
116057
106910
306604
115042
98907
142980
106226
123112
139492
112364
169827
141112
149496
98584
146242
152964
161360
199887
119339
126099
111704
131075
397220
128917
119818
130924
107072
82869
68717
85900
101957
69548
76834
107907
86384
122721
93920
93982
62788
98086
95535
73240
75394
89950
98490
87072
119769
30586
25770
31733
25183
23622
20012
34654
35843
22223
31103
26806
36369
27488
27901
31569
39335
35461
39269
44586
24701
30795
31433
34045
31664
24264
25823
52220
45098
43315
32573
43570
25657
36007
58089
28894
30201
35321
37705
37418
26675
33626
46745
36187
43450
43123
69625
47917
46425
25403
39275
36419
29241
32117
30965
32231
27989
18795
33444
28241
36473
24613
17920
17792
25361
24388
25748
26423
38138
23294
25785
29761
29976
21132
28916
41804
29449
20576
43385
22582
20042
15842
9047
13850
16590
19417
12932
31012
46405
36176
29716
28269
39123
52826
