52865
46966
48229
59719
66809
71435
70537
43780
41357
46384
39028
52884
38897
43712
35403
48844
44617
35074
54013
44973
39186
43161
37072
27535
29982
30634
23527
24950
45130
26961
24838
32550
33003
27409
30875
31470
19768
23714
40418
20805
18561
23823
18240
22397
27080
44475
22251
26028
26304
39305
39928
43033
28671
37773
20138
26490
26269
30596
20718
20115
18928
18753
18149
22041
34635
21517
19066
21997
25886
29973
21036
30564
30976
29892
26721
36547
37284
36347
95495
87098
50314
38619
31153
29009
37608
37951
33324
36517
131282
63299
44882
58107
57298
35546
44095
44092
35495
43587
44531
42711
42038
36866
43411
25114
35903
29638
24749
27252
42768
30212
36935
35207
29002
45066
35523
48700
34515
59282
30495
70033
42086
22899
17312
29405
31924
42642
37858
34138
23898
44016
42265
31387
35502
26866
29764
49341
69609
61928
36527
28767
41766
37688
44577
23707
45474
31296
27843
37654
29018
33565
29220
28612
11609
7169
16527
10630
5502
6756
6295
21821
7681
7143
7190
11468
7279
7919
17063
10954
7728
11631
9983
6754
4014
5687
7198
6145
5098
7243
8562
11841
10269
9575
10580
7803
8867
4324
3569
7041
7739
7890
6534
6137
12219
11210
9808
9708
8356
13998
32659
18801
11140
12952
13092
16459
14140
18831
14564
11274
10740
8070
9008
9262
8416
10151
4266
9936
12473
13529
10835
11315
6648
9664
8564
10595
8475
10257
9208
7568
6829
14471
7793
10999
8857
2780
8377
5591
5835
7693
9203
8313
13343
13948
7028
6389
7246
5899
9132
8764
15749
10264
12995
13205
29799
19520
22578
17457
