20208
20159
15589
13109
11821
14651
29294
17355
13711
19492
11547
10366
10968
7874
8129
8320
9713
7747
11373
15843
11787
10548
9386
14691
12077
13096
16633
17465
5664
9363
8626
11478
11241
10791
13045
10852
11041
8852
15270
9253
12882
12731
10792
10745
6353
12145
15145
10183
8425
9439
10442
15940
19871
23972
13149
13518
15170
9839
9332
12424
23438
28046
11326
18685
16739
20412
15534
19123
25939
11355
13522
7641
14044
13989
30945
19280
17304
15561
21129
14392
14028
14405
13659
9441
10846
8166
9362
14346
15928
22483
18349
11011
11273
8214
10063
8520
9072
10151
8803
6141
8460
7646
8726
7625
13331
17337
10788
8319
20966
12596
9374
6287
7326
9073
8212
10734
7518
5525
11297
10934
7621
7557
13782
9883
19336
18353
16037
11607
8102
7704
11421
10851
4827
8460
9569
7215
9853
5378
13076
7353
8312
149000
93485
162091
67912
81309
92674
69875
97901
145162
81488
96544
65665
101308
88377
163595
113859
134026
137879
119086
200263
137207
124090
130969
213222
85833
126132
210216
152422
247080
129421
150932
96978
73934
120359
91266
178195
488447
303394
223534
302847
148229
171216
176154
163601
166190
150599
127915
27132
32332
16757
14088
11208
12207
12635
15275
8539
6830
6171
19541
11643
11755
5302
7214
8563
12957
24247
12873
10053
8521
8908
9242
7002
8931
9727
10196
7766
9237
11301
7796
10474
7946
8636
8917
11538
12201
14541
10821
12577
15150
15514
12090
11027
10727
11907
20610
10679
14238
11405
11705
17316
22957
20785
19657
32146
16674
13125
22235
19230
12022
14439
12939
12018
14498
15103
13792
