15953
13206
16762
14012
14789
14664
16050
17248
23968
16915
13667
19110
13906
19278
16007
16818
16033
17993
29140
21186
70196
30040
24280
35997
30161
26690
11772
16832
18592
17918
16491
15926
15503
14507
18885
20084
18024
16086
17089
18714
21251
16444
16797
14621
15511
15382
6781
18553
13494
8292
9306
16717
8773
7909
13805
11236
8737
9623
9207
11968
10302
6673
8542
8763
8206
8502
5417
4167
3805
14441
10341
6648
5723
7437
6210
4240
3838
5112
4077
7610
3846
5532
7661
6773
4294
5154
9970
5969
7226
7943
4018
4667
8388
17050
14993
9332
8502
6462
10219
13259
7173
9746
12183
13587
9648
6930
5217
7027
7097
6057
13453
19034
25919
20155
14535
16625
19709
13419
13589
17181
15630
7371
12577
14833
12889
9298
15067
8262
10119
11242
7016
13090
19433
18372
13032
8989
11835
17002
11584
20725
15576
28320
14049
23114
23950
24943
17003
14974
20217
18526
15723
21474
13882
12358
12412
8378
12063
12213
12911
10486
17089
11763
8193
7813
7503
11000
7224
9209
13968
13595
9577
6838
16240
40778
17213
10285
10838
22479
17605
11155
6695
10416
12216
10748
11847
10095
29061
18906
13552
11936
13363
13711
30714
14169
13656
9145
18476
10970
18072
7847
10355
10843
15536
13516
7927
9163
8234
10919
10573
8811
18307
11520
14012
12844
20094
36990
26293
16134
14209
19639
16099
23663
12580
13330
11844
11120
9555
8765
9869
12069
7721
6434
10915
10440
9882
7639
10679
5428
9508
8903
8333
12333
10702
14667
12293
16667
12375
9126
12442
20053
7965
8131
14233
5877
4693
11345
