1967
6771
5705
3212
5520
13379
30814
24916
13399
8653
15367
13816
6599
10733
16715
11675
10146
15831
18711
20435
60870
22720
15802
20614
11910
14788
15362
15254
13759
12700
16056
17520
10526
10420
7481
7400
7140
7390
9332
7897
6461
8269
10904
8535
6601
9486
10649
7074
9547
6814
12668
12454
7193
6485
8614
12220
10558
20410
11892
8633
8181
17226
8877
5507
8182
11075
9882
9537
11323
18792
31898
13822
24991
23206
13945
12641
17053
11011
13917
17396
43254
20866
12024
22392
21459
13777
14564
12100
11636
18813
22978
31978
14663
9953
12871
12721
15791
18486
10331
18474
20018
24500
17948
17709
24545
13986
13703
13948
15392
8557
18408
23618
20990
12437
11200
9360
8062
11830
9059
9790
23654
12539
13600
15657
16906
20204
11080
19561
16958
18257
8377
12718
12175
14647
8963
5956
8328
16584
13004
9343
8318
16798
19106
40062
19853
12943
15693
14181
16304
10947
13060
8231
15389
9753
9079
9563
19000
14703
13715
12108
10627
8403
13560
9866
7350
4950
5631
8276
5578
4576
5180
8455
7205
5422
4782
7928
8915
6462
6506
4929
7212
7407
9348
6974
5104
6950
6606
5709
4459
9032
6664
8775
11134
8833
10360
7345
9652
5107
3730
5015
8464
8219
10597
5691
5284
7169
10087
7586
6650
8147
7922
5885
6583
5897
5123
5025
5332
5125
3754
5603
8170
7792
6973
5055
5205
3740
5929
5323
5528
4730
6903
3882
5153
4573
3232
4617
5041
5769
6044
8180
13576
5483
5292
4257
1707
4618
3505
2856
3737
4730
4592
5882
3127
4533
4949
4927
