5475
6000
10363
6236
11362
15702
19146
9917
12997
8421
7517
6963
6251
7718
7952
7545
11477
7877
9423
13898
14074
14064
9509
9264
9013
10788
7234
10636
9415
14125
12472
15465
17758
18483
10153
11945
7842
9022
8197
5851
7943
7823
7202
6105
5527
11545
12589
14716
8279
6743
7296
5983
5592
7356
6536
5004
5310
8014
4828
4123
7034
8271
9688
4615
9135
5121
4680
8497
11476
9576
4236
7331
7115
8011
12551
5937
8483
10100
13082
18434
13000
9414
8609
6682
15962
12077
10559
9262
16032
17433
9341
9818
9369
8701
9972
9378
11417
7996
9898
7737
7977
6724
6888
6037
6517
3918
6724
8417
7298
7774
5237
7387
12395
5718
5816
7824
11211
8029
7950
10822
11213
6243
8250
7584
8333
7710
10812
4439
6904
7093
13200
12004
7031
8459
7727
8906
9730
7899
4893
6631
3414
5732
4756
8923
8034
7331
5424
3843
5626
6668
6471
58000
34660
45584
31199
35412
31018
51800
69127
156400
64874
44444
46317
35492
56732
38236
42984
46802
38416
33344
30211
64466
86867
47903
32017
23744
20679
35900
40579
57810
56663
48597
43530
58535
37270
30285
40884
52681
48814
54214
92572
52446
59748
39138
60161
43737
68346
83570
55297
36672
32798
26663
34118
45472
34355
33540
243035
445814
112046
91259
99668
80322
55438
33252
52028
61711
65481
49431
52684
52840
60071
51657
34424
42756
36372
39281
48908
46279
80931
38331
38372
29770
12107
17042
22887
18287
15276
42084
58180
70546
34757
37389
46454
34684
36123
37486
47121
33438
69635
138175
86628
52942
63769
82388
66736
70662
