39274
46400
31906
48903
56928
38624
57999
48912
45333
37554
33296
30096
41535
428065
1219686
418006
253758
149670
153903
150998
134324
95638
113936
103075
81072
55624
69833
41569
62126
59596
60357
67270
77458
115298
60385
61552
39172
49321
39405
72144
40373
86548
57376
47585
52076
43982
33176
52604
34271
44747
44458
23040
55187
38198
47210
42409
45765
73007
49488
59383
54313
201169
170794
115480
71278
80377
101066
107612
102878
63254
35583
41928
46048
50234
57255
72350
130123
99756
63781
72943
50084
66717
93961
112343
72736
77320
68191
49741
75278
61712
45155
51751
58830
32753
36536
49642
52741
30748
67036
49378
43387
84600
43451
57438
50216
59021
37419
47646
57649
39819
24511
28168
26533
34156
48777
132872
74264
66690
59273
49300
57465
35759
58052
47063
47115
32061
65610
46229
28656
22383
28624
22249
35942
50995
45494
23310
27031
19835
34647
26736
25558
10239
10640
9859
6721
8013
7378
8495
6023
13103
6047
11721
9989
7280
6518
6652
9972
9872
13654
8639
9559
11280
6323
9155
6441
16104
17024
10776
10816
6529
8057
4159
6384
14585
7437
9629
5364
5829
9896
5484
7601
8763
8558
7045
7279
4992
7134
5881
4318
5808
7428
6871
5070
6606
6692
4787
8723
15396
34560
21527
10388
7325
4928
10954
9507
6173
10468
10029
9952
14284
14557
14445
13623
10031
10117
11404
9676
16171
9516
6449
7743
1774
5296
5972
4436
6012
7736
6777
10602
9814
6358
4498
7705
4782
6530
6938
4646
5490
10384
8585
4671
7862
6435
5772
8020
6574
7817
4993
6525
10001
3781
6383
3592
6207
9392
6551
