6953
4470
8218
8020
13805
30511
12580
11186
7808
8189
7026
7398
6027
9322
9398
6654
8648
6585
6893
9358
5863
6760
12359
8749
5290
7199
5477
7180
6160
5986
5742
5225
5626
5526
7940
5960
6901
8085
6281
5213
9733
8186
5305
10640
9082
5529
7413
5331
5331
5809
8199
7547
7102
6579
5301
12156
12643
15782
13560
16979
10438
10113
9204
9199
16996
10252
18183
9606
12030
11184
10754
14617
13739
10422
6113
12646
9612
13615
7248
10202
12917
8448
9979
8718
27602
17380
8265
10152
7992
15686
14504
6308
16541
16680
12740
7108
13705
9605
9526
6979
4232
5864
4958
6756
6049
5492
8122
8050
8402
6960
4904
7282
7181
6024
5502
15579
7876
6115
7754
8493
8299
8730
8963
10739
10004
6384
10629
13486
14587
133683
93257
96159
79697
93780
107551
85118
134664
88770
66240
62205
77030
76472
149106
91520
97235
130777
95282
95721
56850
63510
79311
69085
72044
36495
58409
84668
100315
68575
79971
75742
104170
100312
73944
82525
79141
90053
136705
133305
97383
99382
136324
108440
187687
113236
95342
90004
63497
76690
133895
62475
68930
59684
79787
87569
90701
67391
77790
85224
85271
71190
71738
41430
67016
87178
58450
74659
86956
68543
80150
93490
81261
57052
48800
66082
73103
59785
109072
58844
49068
54474
14923
36661
33816
27986
34511
57712
73662
99499
77002
134876
103016
94074
88039
72123
125854
73635
107246
115738
143401
98914
91061
96933
88888
119216
85080
79721
61117
97320
115052
79572
91634
69045
73250
83999
61159
64307
77043
180890
871335
358594
229812
175595
155240
128442
176884
152936
