129938
110239
122529
120330
118545
80297
83984
100541
99120
124256
129061
186658
156912
106637
117631
124002
116452
109527
103405
119577
111941
97347
104296
97590
87908
76484
59283
103127
91756
59986
112940
97623
119618
86888
112552
220828
105871
146716
108602
279912
244919
142286
141540
143035
185715
215136
191989
116557
115662
98084
125229
125384
131318
154721
194234
215356
194826
205729
173179
206129
277819
357311
268436
252743
200703
141463
161404
135760
169313
109192
118211
93405
96019
99513
165720
103206
150554
81652
78303
241444
88343
129160
130467
145123
119967
109989
121512
90549
63128
70195
92669
78796
114860
171117
142665
138181
125348
127532
189029
95939
137993
105413
102633
89023
153001
117118
86753
58457
71517
46576
68893
98920
78028
56054
59766
58457
85201
93432
52667
63485
74763
73012
45816
70272
49591
91488
59817
141478
217732
140376
85843
89462
91350
70003
53632
48876
145302
84331
47456
79118
56526
169445
98815
91489
87454
69597
69059
63573
59254
55049
70116
47914
55741
56488
44434
76408
41286
65413
54800
66882
114528
53838
60741
39387
49153
108851
74114
64137
67408
78364
68251
45509
49465
51350
64485
51599
81664
56802
61927
36297
23371
78505
69217
61151
39470
45902
43384
39971
44608
48008
54925
59303
45362
53475
43664
68009
36765
35038
23586
8666
36045
19629
28906
19791
35161
59143
32215
46284
52718
36642
36199
37383
36034
38150
29271
36580
43303
44727
62297
41972
51564
48758
57694
43157
51430
50753
94687
88099
68401
89915
70322
65469
60827
96424
84225
94329
84702
72654
61128
66992
82964
65222
69732
97040
59681
205566
70821
55722
77047
115127
100813
121134
91196
75079
101404
105089
