112635
79233
99140
79311
64546
54850
58339
58533
82907
60252
50265
59639
61233
101689
73294
146449
79348
64638
84659
110967
58665
52241
51969
58205
47899
35794
106683
66835
63908
102776
94799
93794
92610
212280
253399
136328
147838
116285
219490
174738
136017
146375
115618
193857
148849
136865
149110
189502
102801
130642
110042
93483
61427
152704
112655
79574
95020
74971
67381
154926
97479
74863
97370
81520
92839
143926
77792
69572
137799
60509
87537
86526
99224
68740
74135
73756
93480
58008
94683
81221
81849
72814
84751
66121
102794
165330
62898
58181
45536
75816
60005
72159
49487
82747
78921
72427
89154
67520
86766
102130
93777
131422
107668
111272
131200
90321
98303
40119
85471
78310
54938
46020
43086
69857
62825
44498
44067
32421
69561
125789
53261
89301
57209
101091
110067
56057
98013
52478
51395
126055
87110
51548
83748
64612
69836
69234
48096
52131
37888
63371
35482
32375
25824
83644
50282
78834
46914
52469
459354
159097
76940
88562
66955
52756
52509
46829
53957
34470
22015
28208
25943
29415
33293
78339
56924
36196
30873
49694
23559
23761
33977
28685
40544
84993
59744
36632
47597
20772
39020
35496
25656
32693
39580
28238
59468
41562
42072
31457
10633
19213
22259
20321
16960
25671
33733
29329
41952
41489
41411
35655
38091
57665
150480
111885
137057
160683
146209
67860
39612
47745
37030
55468
38051
40239
23724
54956
60398
39605
40091
28555
31104
32724
29948
30275
24953
43291
25555
27191
24244
30918
29025
40784
44085
37094
38924
43483
51552
40736
51490
58311
37436
46492
33815
33276
39662
95218
61588
50535
48709
65928
154550
60918
39594
42787
50184
33115
