53171
34341
71425
81841
46002
34808
43133
33332
82345
67123
60588
65252
96144
34358
52652
65827
45195
46842
48544
39883
64475
82400
73366
101692
90921
52132
29232
36845
43365
55437
39231
43365
54135
93747
59966
82298
117240
75107
54279
44703
49553
41044
59110
78189
50600
63175
68552
42011
46606
68275
35324
41704
39916
47098
55743
34592
46229
56483
37548
72947
43226
42917
36024
53741
35734
26367
23351
34850
32980
36369
41761
38207
39497
48569
158627
57208
57628
49502
40254
75205
59994
80931
46552
56224
41386
22343
51139
32801
42606
48110
38256
27041
32626
29706
38299
28123
4579
4503
4823
3016
3108
2939
3872
5151
3878
7416
5422
3512
8470
8458
4380
4513
4478
4530
3662
5466
2093
3592
4641
2449
12860
7042
6022
7580
8295
7072
5582
5752
3863
3010
5147
3340
3222
2464
3691
3405
5220
6139
5109
6185
6251
5205
10407
8517
5715
3872
5983
4306
3488
5033
4591
3761
2576
3158
3018
2740
3360
3185
2373
11842
4255
6567
7378
5349
3541
6981
2373
2328
2296
3806
3882
4375
3518
4809
3684
7718
7318
1303
2528
2363
3378
2595
2679
3926
6583
4051
3846
5210
4623
2447
2670
4077
3103
2775
6866
5580
4097
4043
4324
3406
3351
2093
4134
4971
16379
11973
5408
4750
3727
4503
3028
2797
2160
3886
3258
1917
2662
4844
2648
3574
3157
2448
2334
1494
2515
2538
2553
3284
3128
3468
1906
3597
4140
4330
4922
3380
3913
2595
2086
3122
2592
2907
2681
1449
2105
1972
3960
1852
2470
2802
2059
1810
1787
3266
3644
11848
