4923
3738
4661
3775
4870
3692
3434
4156
3228
5163
6939
10411
6342
4291
3819
2696
2850
3477
3690
3944
5272
5965
6240
4301
5782
5101
4245
4182
4153
4071
3308
4295
5033
4875
3957
2628
2459
3227
3028
2801
2033
3065
3095
3246
2593
4162
7119
3958
8613
6076
6087
5554
5452
3690
2888
2154
2628
4161
2221
4347
5971
4103
4820
5536
4539
4203
4224
3420
2171
2809
3602
2893
2971
6585
5854
8038
7169
7271
5084
7383
6517
4182
3372
3304
2640
63291
55042
75574
46883
47567
57351
31970
71437
52242
59441
40260
126179
56530
54469
95524
63068
114170
102680
120604
84644
60057
57107
82449
89717
60341
60514
75328
94717
63454
67793
69652
44518
56785
92266
89140
70159
107542
63227
95250
52100
181154
349147
172546
84089
246400
140560
134879
81074
56944
70919
51479
58387
55393
68525
36903
54331
90143
58212
44884
55107
51811
26036
54999
88634
107064
58113
65085
30868
50866
57163
49561
51032
50080
76129
63802
83209
225878
135023
100496
121251
100762
169846
134772
94362
86129
101485
110947
126334
106056
64016
74396
112597
74830
53014
143906
118220
90719
104257
137278
108284
97254
131115
178005
362701
127733
103141
83534
95260
106402
67176
111360
84854
103619
96595
92287
182386
74573
62668
65518
113753
72422
78793
80484
213163
122917
110314
83871
110726
87315
78941
94776
68461
73701
54839
64241
77873
61998
84306
81310
127767
108897
84752
95963
57038
61546
52506
76908
77383
56266
64201
63767
56898
56482
58617
160387
125371
136667
141121
73236
137570
261508
213268
166675
133105
136598
63007
103113
176468
144200
121066
182106
