254916
152355
119420
144191
112878
109447
112116
102758
104471
135907
114795
86586
117179
204082
159411
127821
111693
108983
97322
127078
125298
120294
124607
84969
89772
221885
159390
152558
100017
88064
121200
108083
115079
110120
131659
110616
155872
116830
153686
88931
106767
103307
113207
90171
152729
125170
119194
95907
117987
96851
143614
137046
148045
248760
92998
124761
107936
109467
88461
91156
69950
81270
58723
78683
78604
93170
125174
70958
63441
72011
79657
174274
197977
5656
3714
5875
5336
5535
5277
12391
13144
11652
7861
14006
10663
7229
18392
8008
16584
8064
7042
10220
8437
7061
9686
7778
5878
4304
4542
7702
13246
8486
7426
5770
6873
6880
8604
5489
8789
10848
8087
11115
8410
8303
9363
8274
6794
6506
5558
11670
20166
14417
12411
7955
5658
4232
4511
3481
2748
4542
5713
5203
3056
6808
2539
4642
6607
8811
7297
7088
6970
6542
11036
6412
4473
4966
7802
7077
7838
11387
4773
4879
4174
1440
1648
2685
2528
2450
13234
14555
13634
6419
5646
13657
7873
4276
4684
6878
4002
7344
6599
11474
4046
7344
7318
3326
5940
5237
4401
5935
6517
5928
5098
7733
35002
20296
12198
6114
10916
6233
5247
5859
16595
9694
11236
6588
6081
9427
5851
5675
7762
10613
6370
8469
6611
11716
6897
6376
4789
4953
7770
5655
5894
9310
8843
12025
6936
8596
5732
4248
4147
5355
8066
4623
4634
4284
5061
9877
5029
6152
5669
4374
4105
6530
5206
4633
5764
6513
5668
11799
4867
10757
13708
17096
17836
11962
12863
7021
7310
6017
6325
8058
10614
9471
10378
8899
