9244
13735
8430
5331
7322
11375
7145
8474
10065
12827
11932
7078
8707
6948
7769
8050
4415
5831
5859
6788
4917
6952
14129
5467
6144
7517
6529
7708
6786
4728
3864
5645
3511
4259
3489
3877
5599
4087
3637
4318
7988
15304
10093
6806
4573
7112
4250
4040
9818
5588
6599
9487
11668
8309
8110
6722
9717
6066
5323
7324
9055
75562
26806
42488
29750
36081
30219
47819
49502
46003
35465
34253
33160
42632
39516
34336
55998
50083
44595
58363
27137
32584
40932
39076
40189
26707
24216
49786
65346
40059
34439
32014
30786
25328
26396
22768
30134
29782
40294
52421
64036
62838
67775
45506
47175
51199
42875
87393
35031
31508
34208
39955
52932
43041
46653
48119
30763
40777
44329
61892
42370
51503
48212
33452
89137
61203
74005
58774
78936
64371
50847
53706
51618
49331
32420
34892
38211
54890
52456
30655
30913
39122
13268
24496
17889
20637
32363
51192
49480
50618
34810
35138
36094
43545
49612
26541
74125
46930
87479
43807
59103
44765
53621
97570
50694
54212
37718
47123
31430
48949
73997
38025
42179
31657
36051
62242
37981
33206
29780
42497
37993
40500
36031
38956
38520
29710
32167
34550
32640
50628
30700
108943
37210
25478
32380
33538
48593
34245
33758
80629
34802
41740
29223
38777
26783
26400
33242
27405
26614
21267
30505
33025
27733
31971
24289
30449
30399
27743
44640
34285
28816
30777
33196
34591
52029
51968
97574
62967
64796
52124
59073
72302
130476
143774
59615
51702
36464
46653
38216
34699
53147
59721
110555
69041
63293
68892
87746
54754
75064
66162
57790
47893
74660
50665
56279
39258
