46022
35657
34210
27180
31710
37536
46467
36920
49215
34323
42916
52344
41073
55054
45671
50573
44916
80497
60201
43979
31726
33362
33966
28576
72372
49139
44100
66149
45379
40460
32923
32165
49520
54592
81909
56921
46879
39666
43093
31396
38369
39039
57535
48023
36596
34079
28984
34331
39045
43577
41987
35436
26401
26465
24664
26824
34526
59727
31950
40635
31757
31995
37746
38131
30246
64092
49191
55181
40652
43609
59001
48066
58789
48402
43214
51575
45176
62806
45211
36329
30899
22355
35502
24725
16939
32783
45289
27394
35783
26125
32390
35798
37756
35877
28634
37878
48421
31124
21673
38256
26926
28210
29006
23803
31147
34734
49516
49032
29744
30062
34037
19398
17194
62844
32587
29290
30414
39289
30099
43244
41622
36332
34520
36262
21350
27990
28971
36186
26230
27480
25304
11270
24582
25979
25977
24644
32460
40851
32701
37505
37683
25047
44182
42714
26248
36788
40683
33440
45221
46689
35741
26381
40584
29600
40425
28528
35528
29541
53039
74993
50264
49801
35255
36583
37666
56753
49173
40438
37641
34498
38780
52503
35419
40049
19392
21527
17904
22440
31278
22124
29785
18288
20306
26185
22333
31282
34937
24023
44672
22560
18729
21626
30557
24243
17352
16061
22159
17733
14806
25998
29525
39029
20336
18827
33925
24899
35348
50875
27415
24124
31303
24161
23555
24448
30619
24454
30931
34582
31518
37259
27794
50323
68963
51739
31565
28477
21180
30208
29079
27399
29514
48113
49545
24142
36799
26766
33723
24435
30650
26803
20302
33323
25961
39092
26334
30064
24464
32198
26312
25142
27418
27193
21190
32764
22676
25318
