46985
16992
42302
31891
27721
24238
36044
36866
22208
18061
15287
32348
22495
23953
37398
23188
28325
28582
34874
27411
24197
24577
26941
22573
26183
40638
26068
27317
25129
24432
22135
25444
25889
24844
19498
14729
22404
26879
22315
100245
131342
183041
134095
62997
66272
56341
114658
72241
52773
48609
102146
75944
73326
96454
83471
55972
56873
110446
71341
69536
73537
49828
48549
51030
52637
84388
91877
58392
61585
80167
53961
49380
47730
35348
47071
62777
60501
59142
38282
54779
64986
62087
58359
63918
67491
72689
49295
43048
83427
62210
65316
45984
71275
60337
33912
43878
41018
50805
59947
61728
44463
96731
159225
100130
93076
116780
77172
86249
71689
45791
55523
46614
52868
62397
96603
111882
79088
88348
76120
16901
43812
52684
38052
26139
40087
59134
69086
85282
102814
55033
51085
50519
36570
90387
74976
63776
89378
75945
61080
82961
122670
96808
112704
68896
72053
47306
81855
96986
40558
94319
57997
50429
68511
59560
47562
63311
84543
49397
59893
52095
66244
69949
101386
495691
405831
160949
147510
154677
186370
148153
139777
99764
69521
83990
79594
76072
108724
71924
69026
89947
70939
59386
59063
51877
67017
72650
76297
88158
103067
69441
47840
39465
142979
127478
95360
113311
81859
71453
65648
67743
68000
76767
114181
84310
84583
91019
60232
115739
84224
281627
268727
140093
97692
90454
106966
105949
92747
109854
219652
197430
143158
80761
106299
93186
64878
76999
93811
137736
98100
114317
83456
110299
97961
102397
46966
58484
100330
109356
97011
76416
60594
138879
156450
108034
106189
85039
114153
87582
92790
67906
85355
137440
79793
48029
64768
68914
