66608
74023
96867
71407
45845
68569
70318
71173
54324
53577
57574
63583
96443
141612
97686
51447
39748
53646
68463
73735
59781
66634
40823
55046
46024
155478
72558
6530
4926
5716
7495
4774
5117
4818
6644
6199
7014
4002
7106
6707
12443
7385
10047
15168
10736
7913
7206
5948
11513
9209
10374
8060
6922
7548
5643
6058
6207
6268
5976
5599
6276
4488
5009
6752
13312
8376
7706
7482
11986
9273
8812
19240
13897
13897
7620
7487
7713
10249
5099
5239
5927
3769
5360
7272
4661
5444
4532
6727
3289
5830
8177
4356
4815
7323
11659
8591
5945
8650
7089
5633
6911
6633
4631
10997
5719
6266
4858
1644
3214
3923
3196
3022
4658
6475
6495
3570
5424
4455
3704
3614
2436
6520
5652
4078
6126
6083
5376
3529
4843
5434
6915
4515
4863
8614
13256
19747
9296
6525
3705
6035
5453
6276
6200
5578
8060
9320
8660
8453
9737
7739
4147
9975
3617
5424
3642
3924
3826
6225
5141
2995
3736
2712
3261
3119
9786
4569
2641
7564
5147
4158
3584
3019
3508
3788
3853
3790
4202
4326
3297
5392
4984
11003
5691
6747
7650
3924
6130
4245
6665
5194
4742
5696
7635
9016
10958
5941
5149
9149
8254
6135
3959
5953
4026
5039
6111
10338
11344
9313
9899
5318
8268
11088
9108
10403
11885
8041
7620
8881
5773
7479
19340
23205
9829
9866
9183
8374
7363
14088
8145
10818
8750
7665
11017
8494
12946
11601
10746
8341
9595
10848
6702
5689
4539
7857
7096
9264
7782
13873
11718
7685
6721
8386
7746
16738
7723
6596
