6794
4196
5160
4282
4763
8415
7241
6512
9681
6747
6282
7714
13729
9800
14106
12402
10579
11684
10946
19044
20861
12553
8562
16195
14553
19483
16082
17096
19108
22528
15718
15462
8927
9884
11960
10294
8092
11577
13810
18998
20066
14406
15949
9890
14337
14017
11403
13433
8907
10519
9509
9803
10169
11232
10007
11245
16514
13192
16451
13243
21370
17075
12492
10709
14379
15087
13458
9796
9523
9971
13092
12224
13076
9844
4542
10701
12465
16186
16162
21949
13807
18611
31128
29100
15656
15187
10927
13887
18696
28099
25427
18916
12214
3673
8030
10753
9301
9385
20811
34085
29564
22212
13644
12259
12381
26413
14114
31622
35812
24522
30359
31591
16021
17505
16652
15828
23642
19645
15240
7570
18980
36134
11367
11662
10910
13548
21107
48349
40026
26944
28886
25697
21832
25017
45727
33761
25594
35124
22185
19622
22812
34466
33473
21986
11715
15581
14133
16212
19821
12528
23262
13344
20345
26026
27166
25015
20971
18989
16888
13923
15746
16405
23102
12482
16115
13127
14709
15436
16280
14222
12491
17866
12111
12219
9557
7812
13913
64910
25535
21439
29354
30277
44079
41192
36196
20592
15740
26255
16513
19976
20216
28349
41337
38331
36017
25081
21440
20862
12013
18523
22147
21088
11775
18173
23159
46502
41644
16366
26937
18604
16807
19152
22799
17152
22930
23593
17019
29574
22966
17902
28856
20939
21299
14400
13039
15652
10547
14668
8275
12200
13928
28887
15200
16167
13151
17135
19890
14456
17001
18296
13845
23042
16829
21857
25974
15304
15704
18059
18709
18245
20980
12527
10022
9649
12659
11959
