13943
134655
189827
102713
81242
90493
103210
85087
133078
184241
73858
96017
71622
53330
89971
68593
148087
112954
116621
84036
75033
62463
76410
110801
59134
78118
54489
81692
113131
83371
70372
77976
45522
67094
37742
32198
71332
85875
86742
72978
95714
90348
107471
166971
142372
194922
126039
178465
101250
59097
72906
68517
71218
78097
59979
92001
132427
141117
79169
72183
113380
98120
46342
54733
83508
96050
169930
139493
102003
55146
42810
45791
40213
37210
38291
121690
76363
79218
112786
45653
54239
49888
20084
38008
26649
34989
37847
66692
82866
82254
155751
67147
71801
92286
82769
79620
103370
58518
82590
181097
208862
123743
99194
111976
205298
134315
114885
117490
138748
124939
91577
76619
57734
58197
91056
83465
90097
90225
94972
79526
70166
77764
86976
68414
68493
43873
76578
39229
42616
49582
72613
105301
126045
66549
89868
72418
68034
75447
63822
69210
71365
78178
60199
84336
83557
32070
34052
56231
49725
63262
81300
79169
67171
40028
69261
54424
81119
68068
148521
88457
81396
134911
97762
64657
50900
113775
103294
59490
62068
54371
54841
51980
107360
99463
70341
98474
95867
59491
84969
70270
150965
105986
116830
117513
89431
91033
91803
76656
53483
64789
73428
50141
106240
71121
97667
69384
63728
50285
48241
62610
58339
45282
53170
57877
64681
57314
74816
102149
55209
102824
77041
138683
65961
93525
141792
82240
54188
33142
63045
69568
68793
108617
64425
96668
92660
122842
71690
87802
72302
47762
59315
44050
47556
52466
39665
45802
49495
48330
58689
74825
59428
39538
38629
47747
70643
53040
23219
13988
16751
41256
21273
21067
27349
34044
28950
21625
