62068
54371
54841
51980
107360
99463
70341
98474
95867
59491
84969
70270
150965
105986
116830
117513
89431
91033
91803
76656
53483
64789
73428
50141
106240
71121
97667
69384
63728
50285
48241
62610
58339
45282
53170
57877
64681
57314
74816
102149
55209
102824
77041
138683
65961
93525
141792
82240
54188
33142
63045
69568
68793
108617
64425
96668
92660
122842
71690
87802
72302
47762
59315
44050
47556
52466
39665
45802
49495
48330
58689
74825
59428
39538
38629
47747
70643
53040
23219
13988
16751
41256
21273
21067
27349
34044
28950
21625
21067
26839
25304
33148
25634
42407
44102
46786
30324
34523
50520
34231
41933
19714
34682
16493
45154
34116
30309
13738
518107
128153
80710
86538
49680
40281
75429
41144
35628
52408
161557
138110
78587
60890
67728
64881
55601
24814
24055
30265
29548
24028
43393
46321
33548
23118
27166
30326
36137
36417
81443
34595
15461
52925
33925
31305
21466
32648
21804
28783
33450
61147
39635
37979
23158
28616
52874
60812
25292
35978
18504
10226
16710
17275
16514
14481
26552
23761
31158
31002
33175
89493
44335
20755
15221
31409
20823
42380
46500
39640
38652
40894
47197
53538
33209
24770
22747
15986
39902
44787
37434
25156
25359
26847
28774
49534
28570
26509
22487
21526
33531
24543
22440
24673
18729
22153
19251
21860
18633
11657
25364
45519
38245
28853
144549
65587
49776
32904
69522
36480
33636
43353
65935
26055
21670
16170
23713
17212
18442
17358
30351
21837
17293
50159
28456
21834
26087
67446
34594
43689
66452
46986
51666
23978
43844
26981
23693
24568
19327
17440
65739
66586
70804
29237
