21067
26839
25304
33148
25634
42407
44102
46786
30324
34523
50520
34231
41933
19714
34682
16493
45154
34116
30309
13738
518107
128153
80710
86538
49680
40281
75429
41144
35628
52408
161557
138110
78587
60890
67728
64881
55601
24814
24055
30265
29548
24028
43393
46321
33548
23118
27166
30326
36137
36417
81443
34595
15461
52925
33925
31305
21466
32648
21804
28783
33450
61147
39635
37979
23158
28616
52874
60812
25292
35978
18504
10226
16710
17275
16514
14481
26552
23761
31158
31002
33175
89493
44335
20755
15221
31409
20823
42380
46500
39640
38652
40894
47197
53538
33209
24770
22747
15986
39902
44787
37434
25156
25359
26847
28774
49534
28570
26509
22487
21526
33531
24543
22440
24673
18729
22153
19251
21860
18633
11657
25364
45519
38245
28853
144549
65587
49776
32904
69522
36480
33636
43353
65935
26055
21670
16170
23713
17212
18442
17358
30351
21837
17293
50159
28456
21834
26087
67446
34594
43689
66452
46986
51666
23978
43844
26981
23693
24568
19327
17440
65739
66586
70804
29237
30422
30935
27265
25705
23317
20672
23947
31896
51571
26080
33854
25998
22422
17190
27639
24321
23475
35699
29664
29462
32781
43307
19527
15209
13934
12097
15270
30448
19064
26234
26457
35199
30454
29547
29989
27988
55207
17310
18798
43021
27655
20206
15205
29449
24287
28677
32226
21183
29579
54957
65515
57473
32998
33437
25251
34330
22168
23055
32904
18076
19988
19684
20717
18865
17932
14716
11866
14050
11966
18540
20315
14511
11701
8491
5349
7890
12594
8344
10580
10409
8990
6982
11943
11996
12984
11587
9023
13047
12831
20282
10933
16446
