12323
11807
14139
10781
12502
18640
16626
12049
15356
12460
7974
16509
13574
8811
11899
12379
19713
15330
13027
17530
17210
14729
12768
15846
9934
26904
10297
8961
17753
17106
16352
25262
12768
12425
10027
12269
11201
19016
9220
17242
13454
4678
12891
9209
10169
8827
14232
17629
19939
11852
12441
14864
13312
7607
9786
16581
18415
10057
8964
5725
2412
5533
6125
6563
4839
27786
27512
17998
13335
9386
9383
9569
13835
12673
12155
18667
18243
13782
15211
13116
15959
15668
23854
13900
13493
12228
7177
15697
20683
9375
12464
10759
8981
12593
13891
18175
10890
20894
11362
12976
8366
11555
13679
7375
10247
8442
7055
15500
8610
7433
11065
7264
5992
8388
12842
10032
11283
19663
14649
8032
13371
12324
7836
16577
12858
11192
13050
8324
9626
10945
10708
7354
14232
10333
11485
11662
22472
19339
15741
16707
99915
23925
25165
26050
20107
21836
15612
12691
19898
24947
34490
35873
31348
22766
30967
18529
18295
15796
20562
18067
28586
25048
14873
20281
16682
26550
22310
18351
24369
22570
25670
20207
17214
13474
24717
15178
29203
26040
16417
29539
20594
25335
15160
17464
30029
26289
19919
35708
93563
207794
130600
111544
85635
64886
42841
36587
41184
33831
37349
35114
30739
51923
32408
52888
42825
42623
41134
31056
30240
35019
63202
48267
35631
28024
45172
49419
31562
48997
40688
40475
35124
42808
42483
37154
51966
63461
38071
33024
30947
41162
48257
50516
29376
34529
31192
43374
40667
24658
36782
68873
45510
38068
44467
215965
152327
109084
69590
58224
60227
62920
83778
63219
63246
47916
66230
80243
