76426
95657
78735
61947
55656
59975
48258
33555
46500
33841
66267
69207
57564
54923
53999
48343
35330
40398
68024
96828
58302
57854
51121
60316
77288
39770
67436
59308
15068
28265
30482
24125
19367
34404
39933
40623
52733
60386
42604
34329
27472
42690
68870
69963
125162
80624
63705
35591
53153
51251
41294
52856
48316
58851
47625
71085
83639
59847
84710
56702
48795
58456
50393
44569
53575
97155
58891
51671
84046
72364
49120
33333
34274
27512
38357
39277
42223
38860
52138
38763
39868
29465
54881
57260
37372
48408
42276
36657
39752
55120
33926
30423
37810
57397
51576
40205
49235
41595
37518
48529
61155
54133
80909
38172
82093
63933
158192
94925
75715
57756
55160
71726
54065
46202
60393
44621
60041
79153
113449
94916
59582
51073
60783
58971
62849
45347
56657
53855
70458
87088
42439
77555
54505
68620
55119
45000
54273
57311
76846
68389
57670
46130
55435
28946
46921
61241
38944
41422
72976
50408
46243
71824
88665
113009
52169
82992
61325
80255
50829
60928
177202
89126
54691
32677
74171
56346
51810
61933
52130
112795
84796
51063
46603
38217
52775
33792
30191
34084
33435
35873
35153
24589
48621
31566
31557
55401
34061
31905
30208
55743
49914
30970
22110
22376
28250
22093
15972
20218
13052
20334
18288
28714
23848
33086
38107
12321
17466
29545
26342
14917
14603
11881
23668
17533
17407
25132
20993
30704
57168
119246
33596
26469
30152
36182
27365
23262
20023
24913
18411
19125
28020
17043
21242
20968
23357
17217
15097
17988
23934
14913
20548
13607
11134
18616
24237
21618
22268
16108
14382
11596
20344
12641
11275
10117
8384
12939
