15017
59537
23128
18418
17425
20189
16213
22973
15597
15580
10457
62654
31853
45756
21955
16545
10092
3494
7308
8880
6262
8433
14187
24315
28393
38706
21002
15359
17628
15187
24669
23846
23345
26553
24022
21100
12742
10011
11205
7348
14613
9985
8290
6851
19938
32114
22056
15097
16157
13514
19741
8394
13603
14479
15898
9583
22399
27108
43600
16115
10710
13649
14983
10967
11186
15965
18154
18492
11045
16270
10765
8225
8283
15191
17313
12863
10701
10449
11964
11169
9871
9572
13696
12125
8231
14899
16576
22161
49175
39231
23391
20216
17652
20945
32834
41046
26818
25344
21012
21527
22864
19565
22956
20452
21472
22462
22934
39060
60505
47880
35756
24425
17868
31796
25644
18507
30799
38847
55744
30931
45693
30582
18010
16176
23177
23084
18339
30590
38328
31806
19034
20720
20094
15536
25101
20486
25258
29422
15578
18515
24955
18951
37734
20111
30727
45616
53071
25553
31708
21557
19699
14952
8874
14500
9638
15179
23994
21632
14958
14287
12086
10820
16177
14561
8990
10930
12222
10788
7752
10380
8960
10540
8467
7488
9142
10373
8288
11415
8134
10258
9954
47568
33144
21905
44879
25158
18935
32014
48722
27227
23660
14351
18703
35939
26007
17145
26550
26974
55218
32319
19702
26577
29044
25174
40783
23452
30338
53594
35560
24579
24208
23213
44219
40335
21885
34145
24389
33515
77276
42989
30690
47152
30181
23773
31561
20910
24370
35722
33731
80878
63348
42434
21871
25241
50849
31093
23241
21662
25044
58230
30343
28642
19501
12185
21031
24992
28257
16108
20721
18147
22865
22297
20937
17407
20721
21372
