43914
50151
38132
30190
30905
45215
167377
59558
80407
52679
74295
86914
76088
70106
53692
33486
53385
50511
43821
33537
39829
34319
44919
38565
26670
36052
29467
25995
39867
37648
31622
32338
30517
13380
30150
34167
46714
37861
26473
36556
39995
32701
38250
25231
50442
32797
22747
181447
52422
30381
27149
29966
54520
38005
21829
27599
30288
24912
22630
57848
26161
20968
23779
26570
38598
33629
32615
36090
19125
31962
40345
62706
52141
109638
57804
36478
37069
64726
59777
45830
43139
41400
35072
39282
38108
79797
79470
50606
36799
32452
38704
28929
40862
27665
34152
46574
51135
39308
61137
47323
33389
32111
34254
38294
28932
32328
41640
41289
35742
29650
30059
24366
25920
40824
58274
53367
35199
45524
26348
29088
47606
36469
68449
63085
64451
23215
50047
60733
45991
32490
32441
39938
24450
56791
46091
31783
46352
42050
48145
56106
58388
79501
46399
46771
37046
32166
24631
25444
24245
22953
16461
30684
27639
33449
21255
32660
30614
39011
45666
5430
7296
5435
5124
3872
8022
5364
10147
9591
5523
4046
3860
4340
3617
2697
3900
5208
4993
5443
6135
5177
7651
10167
8465
6176
7686
7482
9761
8023
10353
6718
5681
10205
5664
8698
7803
10250
6252
7113
7081
10250
14426
9048
10905
16254
12245
14784
30743
16005
19293
17758
20606
14639
11733
9853
9937
10752
19503
13546
10281
7336
8088
6355
11701
13100
12423
8065
9915
14631
21215
14542
12675
16022
9116
14102
46206
24529
13693
23073
24977
31768
4264
10416
41505
12311
13793
20329
24740
30357
42763
14415
15952
12084
11292
14304
16611
13497
