13962
19734
13634
15223
16085
35635
19483
26580
13603
29810
57238
23380
24403
16768
15947
10676
14605
21795
15044
13099
28616
11266
15790
11381
13741
12301
26168
24345
18225
6990
24783
20082
9302
10238
9806
15570
53078
31641
15785
19575
15365
22805
14698
31172
13690
16057
18725
15055
8550
12680
13233
13137
9697
15878
12336
20012
13272
16413
16874
15044
17915
9673
26220
15030
12743
16507
24467
50543
39082
18847
30260
23837
20042
20710
32117
34673
34331
28124
22538
28868
19922
17160
25957
31550
43167
43748
20617
32420
20351
23019
16658
21228
23136
16217
34166
24549
16480
31259
38437
14879
15193
20954
12840
21046
18339
17223
36164
45175
22358
22116
12746
34897
28825
32232
15283
19668
17070
20909
8450
13194
16379
10566
26979
20864
11898
24392
46610
34496
29309
18137
13117
13544
23950
23577
20480
12348
18705
12145
13904
12759
13305
24362
13169
12385
10976
17686
11631
10966
59554
43184
46702
51852
40355
40955
49654
47660
58477
34413
35572
41723
51634
68586
39522
64190
44975
45459
41368
38596
32129
39026
34056
37575
23479
43402
50241
48066
50283
35736
27094
27255
36157
40531
25695
31264
34346
84933
41894
39972
35643
36987
39803
34552
36468
35904
44675
38652
25792
27138
28693
39619
55694
58466
66098
46636
51408
42030
54875
42542
45884
59238
29896
49268
42234
31727
37328
41271
33592
58308
72804
56522
49038
65356
31445
47249
50230
82734
48811
49261
39861
12820
33561
34011
28487
16491
34733
47616
43077
28417
26946
47783
39028
27657
38582
32784
41183
34460
43749
41011
25461
32287
39183
36985
43403
44805
42238
33595
