51332
55156
32465
42054
52202
44508
39606
37542
32214
39905
40574
70988
55402
36348
46917
83460
59089
48869
50616
81356
72420
52261
126458
87856
41636
32376
36484
51980
52686
81893
149487
69329
60376
48076
59173
65318
104675
55791
57475
44768
55157
49037
71489
44755
41970
50562
60120
49653
66279
57008
50819
63014
68949
60294
71294
37537
45508
43328
67208
132120
51725
48628
61616
80094
74837
52695
42074
44414
37546
47747
56746
46744
59058
77002
68724
55386
65289
68182
88205
64542
55417
100939
105401
117858
78826
65522
58683
46534
39294
59410
48663
40018
40209
60616
40222
51867
36071
44583
42853
33186
45493
38255
51575
60081
51803
75955
51429
22975
33011
33678
33409
32435
46478
56316
75128
57816
45245
29048
33149
55084
43350
53417
58243
58675
64624
47285
63074
66729
26281
50068
80762
52142
40367
69174
69118
50067
36984
47963
51197
49514
71770
46260
62220
61638
100018
44996
49273
38253
33348
43296
45570
36075
95423
104372
77928
83417
44901
45194
40714
41709
55463
43938
45904
55601
57233
61582
51891
54766
39711
52474
89376
62165
57264
73508
191581
100137
75138
73690
101367
61633
57368
57400
55522
51115
62406
46350
56002
44619
33633
38092
40870
48029
62530
50478
61145
53263
57175
50025
59129
15974
43625
46281
45636
50917
54061
45258
115515
75785
58545
49789
36007
41270
45918
41310
64103
42918
39289
22830
16913
20823
23357
18785
13642
28191
32243
35279
53896
27924
28367
44211
33611
37405
29584
43025
114395
79144
64150
52221
39010
54354
53230
53217
46724
36384
35112
54558
42625
27861
42000
33163
34031
40383
18009
43796
26047
67704
