36296
56718
57459
167645
98225
60333
75935
111428
31568
56831
49317
62561
66273
51068
76888
42579
42014
38694
65429
119647
59023
35285
34875
46394
51279
61224
61065
66530
40932
45347
39318
52911
44443
53820
41343
34419
69481
63189
62592
61875
67989
79984
69681
62140
44636
145622
80880
149292
100754
78229
98284
83598
101816
110800
98985
52842
36883
76923
91115
65670
71169
53377
72963
62310
36319
77271
92155
38973
49302
65914
62191
38868
69354
63293
125770
83942
62597
67962
52620
45160
46261
68408
78448
68539
71704
61467
50603
64831
44783
64488
71569
80276
48879
68848
53696
57497
36111
37149
57039
37953
58545
51219
38298
73951
63425
177975
89890
65525
70643
49501
70068
51383
86148
62747
61409
71044
56740
54226
72838
48850
59712
54491
25709
50542
62750
58461
19429
18951
23343
18044
10668
19193
30853
27058
26041
29337
31866
36243
24675
28518
28395
39157
35050
38185
107089
30568
22767
37152
19422
17192
17881
21345
27970
20036
15931
14284
41147
19293
19079
22340
12279
10294
14519
16444
22180
14620
32836
84043
31213
21426
19294
17543
61881
11373
11277
12796
11722
16706
16728
12056
11020
8022
7784
9980
14274
10146
19134
10244
4753
24355
15542
22645
29074
18408
15262
12115
22532
23031
14267
18837
13311
22612
18984
24571
13460
14379
17249
4738
10046
23396
23205
11151
39827
22382
32503
40954
35354
21648
28846
17705
16271
29354
25776
25930
24109
25888
23139
21837
40638
33600
36323
13252
21135
13536
43338
31872
22189
19108
14616
17784
16575
13622
11178
10747
12270
12552
12492
10946
13326
12158
10310
10920
14477
12564
22633
13572
