13297
15662
24238
20855
10334
10591
22329
15970
18040
18474
13652
26916
17133
19506
11235
10879
12509
8635
9421
8753
14168
10936
6187
10684
19507
19583
15133
18425
16277
21170
19975
18962
32478
22691
24003
19075
13023
20935
21938
34846
20729
41442
48812
27553
18493
11666
17869
32530
23374
12411
22361
45335
52633
27876
23325
21737
13728
18269
17372
18338
17606
23984
30535
26419
43282
47227
41987
20188
20571
20395
17495
20197
18140
18796
23887
23612
36245
23966
24443
19957
29481
18969
15919
17299
26746
9626
9981
11713
15326
15988
18057
15736
32143
85114
50389
33618
34991
29797
23469
24985
18411
22912
19369
16251
33983
17412
11900
15586
26651
18626
12357
12422
36673
19531
20092
99138
58809
86199
78253
64217
108187
147973
139550
147547
76080
96530
117141
95903
116329
116546
98222
107073
84519
245400
103230
75365
98389
184822
119959
139004
132872
226373
166010
122409
126136
135584
100403
143267
104236
180942
195474
162603
95264
133830
73935
111193
155310
84303
95446
113352
118436
145729
83849
56562
57755
53811
55918
69205
102797
63307
80142
184358
81234
84848
82028
51554
39332
102728
91006
79233
78481
88368
77814
127431
106508
65694
72697
54944
57064
58530
86012
109215
52662
54597
42232
24427
48982
37574
45986
64044
83222
66211
60436
80852
60308
63454
129563
97150
72488
170476
100531
146257
172714
147099
112094
102000
142826
353226
165393
136699
129817
114345
138809
137267
92418
136852
72810
111689
172032
77341
97525
78894
63405
185008
155582
238267
206315
147376
130999
122865
95010
95265
103319
69862
119906
165317
87982
74232
67336
83230
142267
184788
349747
202750
146947
239605
