163332
100252
93271
98880
70167
98274
113902
128677
110476
96643
139966
91890
207611
198520
177608
174634
106035
125411
85902
156657
104462
118641
134704
188558
147364
174533
250385
191774
224459
391337
330118
221836
122340
131274
83078
108248
171858
180498
195689
254236
295414
184597
170979
272491
128436
181536
188958
150140
153782
169114
182200
178381
224330
128073
131083
104870
106642
206670
131580
96491
81184
94762
104210
293976
72609
123481
193268
134219
90180
102450
162117
109932
70584
64469
113150
110430
117965
106023
86400
83684
94486
98244
65872
95933
93070
130542
624507
194225
144899
130281
77246
187254
103639
93194
102787
148354
133055
86267
108249
132564
620963
316530
46917
35804
48111
30993
36914
33908
37351
50124
31257
36250
31295
47766
32126
30498
28717
28616
32716
47927
44801
26171
41773
33252
42344
41111
30702
43749
54365
55468
38730
31514
43159
41321
39458
38715
43331
38319
46122
56783
71894
56167
39700
41541
38073
35659
49463
52252
57479
35992
45670
41729
44266
41351
32373
28207
24899
20981
29220
47281
37976
36960
31720
26206
14837
45223
44366
53832
41929
41851
39834
58222
41308
37895
37284
51573
46867
40666
29922
83250
36922
28707
23594
9187
19756
22893
20456
17339
24596
37889
28332
31081
20187
28305
33484
28770
20245
29621
23729
32311
56742
39613
37233
27557
30420
27137
52628
48692
38581
40145
47257
51841
36362
39859
26032
21692
35043
32514
34992
16978
45612
33353
37000
24789
42928
35857
28634
34024
37857
40648
41572
27019
35747
46363
46488
37254
28590
34597
41326
31378
44290
25737
52124
50399
35690
40107
39642
41610
31721
24426
24813
37340
34661
21702
31584
23689
