39058
37097
40580
52198
23228
42579
32743
37827
44680
49522
49225
41158
42140
57493
62602
47660
56189
60377
93539
59548
55382
44608
43234
41504
38243
64083
47681
66275
70647
34104
65001
65559
45476
46872
41013
33105
32162
58938
65010
92835
87787
41782
51676
35261
39547
31677
31487
41182
31232
46170
34093
32024
48714
27160
53948
43554
80532
36274
32603
32092
27118
24806
25110
29924
25996
28541
44625
28439
38826
30579
30293
27583
21438
33974
21726
22155
21370
25648
21060
38675
36752
43049
28203
31834
41598
32171
32169
62792
53665
47720
52200
308334
179959
254772
267022
203026
220627
247708
319154
292853
275331
167210
192018
350444
235437
266068
192761
256654
251467
495014
233556
276895
532682
287391
235235
233780
318987
384561
312012
247752
230126
257833
403635
442234
331499
260484
323060
326605
259270
349307
259015
346646
306288
437573
370790
345165
349335
432222
219450
191032
236542
218370
183600
170082
198052
235699
214725
195954
241108
237389
459303
345604
208613
162593
317743
267636
183462
254304
319481
245497
259493
231421
202269
191890
215415
213918
273653
266305
470621
211903
260114
156131
61083
156253
158941
235500
160724
291394
352344
379019
336005
276352
257946
263143
425975
422515
640182
339664
390895
400784
383829
299045
341731
589917
520730
389254
367743
311198
229541
323345
508846
271771
349397
266545
274484
341152
259060
195064
270284
347077
311146
285190
289733
295844
291843
249059
334026
207014
287371
279614
246826
434667
235393
217687
178181
203203
176203
181096
170179
358666
245385
181432
204228
241023
180607
203197
522565
367078
205592
239782
213723
313769
365556
397476
229401
380167
277196
280010
319886
333012
344796
447527
329472
280232
177825
338750
