341596
256336
337413
270764
313640
334863
677625
513640
408447
323732
293250
229462
378059
299263
379710
307945
412404
542696
300039
522426
376660
275591
303321
297421
256300
235506
368697
373726
414727
331812
330731
237485
248806
209893
199487
237369
405650
167879
257876
258351
274498
517759
218417
528562
371949
511839
232046
360053
318027
234313
196369
173331
261695
210525
374642
332750
189474
240557
289870
479631
326932
262352
260938
335736
326289
256050
351237
244285
261658
235159
264061
224431
266460
291238
305377
237505
198719
275171
266424
355856
8440
5786
7407
13650
11084
9364
12737
23010
20606
20110
16282
15235
29833
13381
18269
14629
18400
20958
31550
10885
8876
12121
12427
12220
7757
8063
11772
19422
19290
12954
11733
13506
8642
6900
11594
11313
19512
19506
19201
11451
13654
15885
9296
10006
12030
9882
9616
44872
17675
16106
10682
20194
15509
10756
9007
8915
8121
11779
7509
8550
8245
6190
4204
8880
12264
7533
5693
12583
8422
10155
11322
8111
8824
14093
18555
12731
22965
10596
5374
9238
8613
3867
7887
5241
5619
6092
13023
10119
7291
12424
11282
8161
7027
7250
8304
11208
18232
13849
13910
8906
9158
10770
10215
6765
13690
10176
13873
9092
21381
17242
12137
37523
24625
30223
23946
21995
18435
15672
16536
13547
12693
10536
13931
18934
11901
12858
21241
16041
17054
12607
25920
13352
7881
7423
9249
12037
11409
11164
14177
11838
11959
12529
20153
15543
21190
14427
10575
22030
8721
9918
13558
9157
7814
16898
21512
12582
11202
12309
11697
8577
5306
7596
7540
8341
9864
16961
22471
12089
15068
17639
17584
25804
35444
21961
25268
21671
