11196
17534
13231
18213
17672
22219
22838
13212
25505
27709
31868
22027
13592
14948
17512
38080
30298
27333
16228
12051
13773
11138
13613
7941
6553
11487
9352
10368
9497
8875
13775
11952
12717
10733
12816
9938
9803
11607
9855
6281
5633
6594
13060
9400
9674
6825
6744
12845
13289
5951
7019
9743
11102
13943
13189
15376
13841
11343
8758
12455
9888
7492
8528
8103
8564
7175
9690
6022
7175
10307
10607
15615
14214
11624
13987
14013
13993
17670
10838
8932
15978
18310
7619
10843
11315
16080
12772
16239
10041
14271
32548
20336
16237
8560
9557
17363
14628
12087
12831
13936
7607
11973
17561
8781
18603
16534
8202
13256
12921
10191
10591
8875
8329
18694
13749
12348
25571
14214
22107
17375
11062
21243
13663
19184
14171
16511
15921
18352
16763
12234
7738
7534
17036
32527
11305
11633
16200
12566
13386
16491
26682
15365
16892
13095
21138
15524
26849
15878
13760
8958
2661
9111
7782
7736
16342
29286
21268
12091
18615
16005
9597
10215
14204
11595
14385
10563
11245
9678
12975
18167
13634
12276
9614
18387
10334
11538
7849
15791
17977
14715
7494
14419
37106
20616
14859
13377
11881
9888
21660
16099
12640
11400
9149
6623
15092
21935
9812
10693
8058
15183
15047
9847
7719
11166
25287
21420
12694
19056
11263
8130
12264
16718
15171
12916
10669
8679
17848
12118
9568
20691
21260
13038
16127
17401
16962
30401
18614
17385
7408
10816
16686
9562
12702
12435
10924
10819
14709
13429
14800
20750
47942
30372
19209
13815
24535
73136
24869
23244
23473
30154
27154
25005
15472
22253
22218
15526
