29095
32211
26532
32250
35618
35666
27250
29379
28583
15295
25702
21789
13764
17124
10621
15372
19064
11362
11015
25454
11400
21958
20589
35841
15173
16894
14007
13334
7043
5272
12722
13413
10683
13774
6520
10626
9719
14728
13567
13922
12695
14070
15116
15819
17056
14970
20175
34520
12664
14241
16461
16400
16435
13250
12853
12103
12979
8897
12719
13995
16787
12316
13753
10481
12742
14313
9140
9723
8996
8852
8298
23516
17724
12470
25852
13070
22258
12556
19179
29495
20986
17003
12380
14381
22608
29638
23747
21279
16788
19422
10156
13886
7187
8971
9556
10503
13021
8322
9244
9119
13665
10687
12485
13134
17977
19863
16210
14496
20052
24220
20804
19157
13549
13025
16915
12303
19980
27157
29336
26798
9606
19252
20240
31777
24623
14959
13266
19912
10385
10467
12266
13149
22489
34300
16942
19977
13178
17146
11370
7123
10493
10830
10563
10243
21482
51081
23384
29925
18654
22123
21201
36877
19199
38108
21481
26878
38538
32328
18154
20969
25762
20573
33520
15664
16115
21125
36081
44291
28560
33819
30331
29305
19273
13863
16037
12142
18732
20844
20070
25717
24008
14597
14095
18321
25231
22140
20038
13044
9866
13315
12881
15743
7082
8522
18236
11295
23563
11375
11658
12089
10587
12561
10726
24796
27743
16858
10950
9677
13544
9114
7506
12257
10821
12800
7787
19406
21101
13225
12564
13073
12688
16004
18063
14426
10895
20795
14697
22496
32670
31684
52877
24493
30011
25460
22480
16338
19758
22878
23628
37470
37820
22066
35642
28177
14067
17537
30599
15160
19083
21585
26005
26465
20145
21721
13047
17512
