14615
12334
14403
36161
27803
12540
19970
16609
14968
10672
14934
24312
23277
16840
36006
19145
9486
13718
13790
13220
14621
17585
15089
9566
20687
19861
23479
19930
23580
17613
22975
19358
17603
34005
13864
18681
27617
23752
24347
30166
26130
58471
32847
28561
24947
17003
17601
5438
5223
5800
5368
6687
7110
3949
6082
4407
4543
3772
5268
5768
4663
4297
3670
7398
4397
6296
7589
3609
4474
3617
4214
4693
6353
4993
5064
4538
5989
4618
2599
4303
2690
7697
9214
8433
8815
6575
6407
10962
5629
6174
5161
4908
6023
7448
6520
6813
8536
6499
6564
7234
7147
4593
4956
5025
5453
6451
5544
5946
5704
2687
5682
5796
7882
7180
19522
7022
7114
11188
4222
5639
6059
5793
5612
4690
8089
7590
4353
3344
882
3856
3728
2533
2708
6398
6679
4203
6936
7179
5707
4469
5553
4230
3597
4370
11698
14230
8584
5911
5321
4973
4822
7597
3361
7751
6021
6648
8892
5125
5269
3693
3794
6825
8530
26647
7879
10272
8690
13014
8134
9434
8997
7099
7065
7448
5084
7047
5435
6833
6193
4314
4524
5023
5943
8102
4387
14255
6104
8368
5193
6566
5342
7772
5322
5360
5942
6231
14931
7225
7662
6425
7450
5327
8216
9164
6990
5896
2976
4325
4812
4665
5275
6273
7263
8143
9871
8500
9961
6867
23630
16544
8411
11021
5685
4639
7396
6907
7098
9183
10812
13170
7769
12109
12459
9053
12498
7885
7739
8716
7843
12253
8820
8930
7580
6322
4923
6601
7073
7493
6411
6396
4876
7272
5388
9640
3328
7418
