8358
8873
5230
7033
8675
6326
5394
4616
5614
6901
3877
4547
5197
6579
6267
4783
4588
3991
7689
4151
6383
7470
7910
5890
5785
5663
6343
5917
7553
8655
9776
6503
5135
5831
4385
5747
51597
54160
23216
37659
32798
47214
50023
70591
116347
119492
38992
36409
50696
50805
53948
227955
72916
88515
39764
53978
47945
41451
50508
68189
25363
55362
44748
225535
90934
78965
82985
52133
84200
80846
63940
44498
64460
68409
73882
59183
82019
56192
75189
47550
60705
68560
113202
41980
54738
36167
43282
53138
42870
50957
34018
54805
47014
41845
27216
27009
28549
18039
13109
60772
36179
49882
97642
43481
48279
37192
37528
49743
28230
88900
45414
60401
33616
44577
31596
30829
56584
17272
32956
21930
18126
25110
51728
61318
58437
43473
40844
78935
59913
63496
51312
53146
50556
67424
75044
68376
39926
66018
67504
152349
98280
76914
58743
48658
85113
74011
45699
61373
48535
49224
47572
38473
24173
35255
34822
22933
40578
43066
44389
47757
42272
63756
47198
47971
33301
28092
66805
39482
62564
66216
53547
89329
59692
31228
59462
78229
50736
39581
55535
35369
28514
27490
27494
26672
54125
33187
49346
42447
63939
54301
35063
132307
49395
55697
50623
29017
77828
198311
90450
92104
115304
73401
54448
59117
70102
86431
86263
97971
93667
71465
59958
54028
56652
80977
60966
99450
64530
121632
91163
57411
66580
71547
52536
46141
56728
44355
58006
64054
91554
77096
51909
54003
49314
39866
124075
64966
66369
42692
37043
46794
66252
63200
80999
55390
77507
57666
96412
47240
48828
59748
58199
30030
36252
43072
86117
67842
