59357
57575
48216
70239
48698
53655
37682
37130
42065
38348
31279
61542
83928
55272
75557
61174
60841
41125
38008
45137
71357
85639
61550
38656
93642
81474
93595
69269
390102
154724
126437
97862
87967
102194
68500
60627
79313
49561
93893
53806
113832
83402
74425
78056
71170
38568
124838
77189
73281
55792
48291
84811
87231
132850
94913
85477
90436
99769
111755
124860
107471
70811
62519
55132
83917
58772
50286
40889
37777
55453
61717
60500
35835
47571
84287
37874
35892
138362
162599
111415
130171
93756
78440
52078
57006
42917
44567
42372
87824
64230
92451
113831
106673
94778
146551
58255
55243
85768
57086
91387
53531
268586
79010
94128
103279
52282
71552
97055
99685
81164
160252
105644
90310
155699
82943
128071
67428
93648
240520
123133
75041
51625
107954
101381
102280
64560
43941
43546
67719
57902
75280
70371
91639
105614
295632
168689
94462
131615
77962
94704
82062
76306
52013
58912
98006
139540
63085
43987
144438
87100
101585
135163
106426
341340
193157
149926
158310
80851
70382
84287
64926
84686
97605
66200
92670
81046
77640
68495
69714
97224
95002
126150
112406
175793
83620
104246
65224
70929
132748
83671
72822
105655
57507
135423
116988
167273
116544
82703
59653
106669
116107
86621
87592
89489
76546
78499
164178
124045
107079
96922
61255
79861
580202
292668
210342
155640
297103
253261
154854
153010
107481
127975
242921
68734
141527
162205
125639
85307
119881
122849
87402
123913
165226
145011
207485
110705
158207
82762
101324
53822
88073
63160
64691
81097
74512
58234
54439
85926
89950
55045
72692
65097
83538
124026
93921
120000
240014
117328
92097
58086
32093
60071
80620
63864
43121
47486
