66570
56755
46182
18571
17570
20993
22310
58091
45795
28326
35828
25991
19421
22800
65660
69913
52976
24213
31627
35573
32131
23186
22199
25595
22358
34903
33316
21195
25873
26772
32456
28379
22203
25513
19751
34832
14416
15485
17090
33450
21269
23065
17352
22995
35452
36596
33822
28959
25428
42766
42742
35973
26100
20811
18701
20027
14891
50529
30944
23807
25575
27008
22223
18406
11284
12698
19869
14460
22128
20282
25296
18876
24968
16274
18212
33318
54788
31532
24308
32593
87000
63496
40173
26578
14053
34537
25352
15132
16721
32513
39775
88536
55642
31177
44053
56303
44304
40200
30765
19688
32987
56002
45516
27380
40486
64209
41017
37147
33934
29572
23732
72913
53766
33765
45676
44048
50654
34704
29179
31406
18965
36297
34081
33298
23246
22058
20647
31582
28266
43320
37414
37190
31521
46084
40970
22202
25623
21701
29341
31613
26476
66022
30001
127965
98144
78361
53658
59595
55272
47626
37959
39248
29465
39501
38467
29244
59091
26904
23526
21819
46070
32033
22561
26598
27032
23605
21941
35887
31055
18988
18060
27466
32467
34315
125393
72550
38372
34602
35356
53563
37169
37933
54419
37742
64777
42529
34672
53150
52964
48483
51761
34766
41219
32599
42024
47116
45019
76215
53296
41399
69488
44606
56383
43087
62882
53233
36845
44121
37424
48912
26325
65457
34453
53334
30282
33685
38647
29167
25215
29401
29078
28150
28881
25755
22703
30270
38373
52600
56439
33539
32515
28940
33838
23296
33013
23376
120494
34235
39389
24593
26694
39128
29432
23434
16661
25854
24225
18262
30635
24239
23194
27106
27958
85061
37690
36254
