28086
20574
13240
23229
46758
30162
25917
31031
23525
26722
20974
14896
14861
18256
17707
27542
19229
27454
51940
33789
24154
18099
42659
19801
17976
10013
15062
14197
18656
14241
16638
17859
22444
15904
19200
25110
16833
24163
24435
22748
20923
24989
24852
21826
20795
23518
20061
14300
16472
26595
20050
19583
34997
77906
19046
36301
24462
20769
18435
58603
20280
22950
18828
14655
23638
19589
12425
18432
15672
17079
10974
8442
10833
3498
8049
5532
6601
7172
19351
12169
16996
35626
35891
30014
85263
30547
50304
46307
35263
35554
54034
31377
27168
22570
17818
15037
22346
13884
16136
13141
23584
33333
18660
24243
34844
21700
12165
13781
21881
12906
16790
11206
12644
12853
18814
20425
21486
16224
15455
9303
13065
9189
13825
10253
13081
9391
8641
31997
25023
24134
25374
79391
26012
23266
20075
14094
10968
16150
28957
16652
12164
13891
17503
17862
8842
14077
16775
14061
19341
18056
19077
13408
12060
14950
9700
16044
18141
12674
14970
15561
13564
19894
16563
53429
47042
28004
17173
20869
26805
34967
28863
35304
32043
46067
39541
27702
33824
57192
76058
37068
26280
36750
28372
33102
28650
48004
59475
29845
23158
20394
16302
19005
27942
26211
28445
24431
33690
31745
31776
21391
33447
34905
43816
23706
45460
43604
32316
15709
12813
26177
36525
26993
43605
35204
27435
26358
21632
18349
14446
30385
23461
25121
27535
30095
34473
19975
31222
53172
36824
29397
31141
31262
34039
20242
21471
31271
21592
37854
39256
69248
47709
58456
47680
36891
45517
54901
60026
31793
58427
47707
49426
24854
43770
35550
40789
46153
