40861
40850
38454
34233
45461
27452
28775
47408
50945
42919
33903
45876
31655
77304
58763
40364
45486
82079
44762
39326
31647
41097
76594
72204
48553
57794
58934
53261
52547
50535
36475
27571
35007
37524
34518
52961
92508
59066
40605
42077
37888
46824
33000
20194
53721
46961
50928
155845
117875
81560
58571
58180
63838
49933
46608
51320
55751
74698
56269
36346
28988
29123
10113
22549
24102
22959
15133
62884
53045
37468
136472
58468
36503
28958
27470
27299
39463
25794
21147
40892
46335
30102
61421
40656
54417
43059
50308
58122
46815
50931
49589
26867
29135
41293
47130
35867
29384
29029
30232
29140
40600
45545
70148
106679
62891
53319
54720
47376
76320
38922
27839
27968
28466
39935
46054
48079
38997
29294
36927
36129
27909
33237
28736
33330
37250
25305
26090
41995
37656
48375
59372
49792
70402
49070
57841
60323
54493
36796
47329
30073
39806
49499
55378
46684
47098
56869
43072
27897
42980
29568
51005
81828
99605
98953
79633
74269
46585
42027
62988
78103
151570
78125
104907
81956
51337
112565
85212
60298
43510
55867
58408
62502
52066
49555
47706
53946
44130
32724
39088
38271
29369
36789
58144
39807
37757
37133
42211
105236
55928
94468
57140
63761
41326
50961
52574
150778
53356
42934
40193
39144
43617
56610
40630
60662
40247
44070
27872
29665
53550
34781
78127
56673
54596
45209
51645
82639
37068
40793
34360
33287
33024
31631
49368
46723
54315
36825
71188
71138
76219
73530
50562
81245
114188
86554
56865
56418
63524
86045
75476
76597
62797
65605
80171
79559
91171
294415
251988
220532
146359
125937
74616
84024
133930
112806
123090
116653
