117617
90580
84271
62766
53320
45786
85629
130117
53810
88698
58577
50296
124978
96980
191487
147215
129590
39377
58139
41938
76126
71405
54851
42436
80766
130524
48698
63618
52004
120153
46177
33110
76768
88675
122323
41332
48508
58272
50299
90519
60287
59607
53993
93739
70420
61917
80287
76655
59540
45035
16314
60143
61374
35016
30484
56484
112174
119357
188140
116947
53913
53755
87850
49263
56410
53270
78579
79572
68710
80462
226485
85722
71460
135565
50920
52034
57509
79396
62454
51213
46445
70687
61422
56430
31699
87219
32540
46661
34248
43968
65096
38556
52075
41345
64542
41241
34141
32170
47948
67038
101065
99427
88146
48454
61002
49676
35600
116856
39699
34443
66191
67750
39355
51064
39548
57477
46592
48287
69516
69921
58474
39230
40264
85245
127930
66653
71812
42534
38983
46841
49232
63244
118430
261027
158109
118018
90595
75134
89179
88471
152093
155637
179362
114972
56964
81518
103712
154554
118249
121123
176724
240521
101869
104494
100301
72688
237271
319851
259631
428944
277621
300692
276096
177657
92678
123068
71587
42668
71617
42485
52337
76762
90371
66128
98441
185954
150303
92389
90381
110503
154142
179840
63501
56532
83448
99620
99750
152969
79768
73440
116645
97504
119421
103231
297321
106762
76474
379359
144988
125688
94359
130316
133776
150665
98406
102825
115642
71006
52603
85884
71941
63988
10646
8553
10631
14380
6836
6240
7002
13386
10289
7336
4461
10290
6989
7652
6579
8686
15233
6911
10911
9352
13581
9093
7954
7527
7813
5490
6275
7793
7910
9314
12552
6548
6904
7013
3913
6042
8442
5679
8399
10233
5469
7380
6571
5703
