8320
10188
14178
7895
9228
6725
6339
9622
9561
7568
8318
4594
4961
5191
5386
4709
6533
3780
5614
8728
7358
4894
7557
9316
4712
5429
5912
5692
11793
9081
10100
8015
8337
9010
8356
4083
2934
1439
3414
3194
3951
3667
7710
6306
3948
5760
4763
4308
5193
5116
4516
5029
4690
4693
7241
8623
5837
4972
5126
3739
4418
4030
4029
3743
9632
8670
9136
8411
5985
12986
7191
7789
5896
6191
5758
5685
13080
6351
7496
5971
3923
4956
12142
8565
7482
6794
7191
7880
5543
4249
7404
7461
10281
4402
7114
5504
6085
7397
6582
6857
5033
3789
10625
5646
3780
7396
6091
7107
3720
5466
4096
6613
5010
8163
3994
2878
5223
3869
4672
4713
6029
11240
7032
6478
5651
9047
7521
14358
13025
11437
6335
5821
5564
7297
8075
9334
12119
15267
11891
7680
11679
8097
7195
7221
6211
6470
3796
7299
7562
8139
8312
7659
5422
6600
10051
8479
9431
6827
5881
10129
7671
7889
15616
13542
11476
12023
20940
7882
10112
7913
5867
5786
5872
8674
6422
9554
10406
5685
6415
8251
8602
7034
4107
8465
10721
29301
11226
9631
6717
12644
6129
6180
6201
7520
8872
7489
6689
8268
13507
9496
9950
35681
30035
33799
20688
19216
19799
28453
24662
56412
27490
20129
23884
24068
36622
28982
100139
51067
37754
75206
59306
34228
25803
24440
42968
52618
70207
75358
75432
48409
32005
27987
25377
27361
28333
17644
38101
51469
34054
31522
31257
38555
69285
62239
43449
45569
43307
47363
45051
39460
25905
34095
25179
30013
54860
34405
