36774
38987
32080
36205
25717
32984
25158
15942
33040
38737
21498
29723
26596
26668
33879
29278
21542
25457
21974
31914
27630
28951
30686
23508
16568
13372
4991
27510
23581
22229
15787
71827
32218
30649
26382
31621
28444
32535
28902
18857
51877
39911
38627
30140
39042
24636
36625
22108
26081
30092
40658
39951
64845
42315
38270
26655
30856
24234
22521
21183
16753
22649
28221
20120
191339
146860
68361
92534
39332
67944
25162
27290
21229
27177
35765
45398
20090
29434
29422
30737
32092
36039
21506
30478
21788
36739
24227
30696
33341
27479
55205
32905
22632
13443
16092
32022
23748
17076
17818
23042
46239
35381
44219
21040
63470
53195
36120
28782
37290
61723
88316
53493
28149
30132
52894
45163
45776
57181
47487
43479
34866
26704
44524
36367
26502
27304
43835
52601
37403
57066
35590
39325
30829
27095
38012
18999
46642
38373
39539
58214
33041
21562
21067
37591
22307
20904
24853
24967
22717
20852
40614
41816
27951
49136
69381
57892
35068
44731
61646
48463
32418
55527
46578
37887
34863
33236
19853
21963
24943
32204
45628
44808
192426
80677
91626
78000
91368
83991
60178
43363
35624
28569
36858
47286
35452
22194
22275
35849
27237
26156
19166
16813
18832
14939
15364
12525
16777
29873
22170
19913
20490
14690
18172
27538
28114
20762
31595
19579
19331
14202
19416
71636
24445
19777
20751
15125
17239
23669
21991
24220
14039
19762
23607
17979
15858
24592
35598
37244
27651
27594
21365
25073
33713
88834
37088
29650
33652
32934
14660
28709
28095
29919
14581
24308
12272
8775
13499
12359
16073
17961
9514
9291
23928
23369
16775
27211
