23314
18608
19772
17891
31276
21759
23684
23721
31579
25209
36680
23538
15111
10801
4956
6804
9693
9113
7359
23301
15694
15179
10479
13446
10989
16067
14769
11912
16578
11977
14744
19795
18264
15619
23117
20507
50566
26632
22455
17411
14757
22748
34886
17358
18443
14548
14021
18293
12416
15045
17396
16476
14695
22123
13792
10763
15296
10469
14667
14032
16989
17548
13168
11671
17101
10838
13206
12651
13391
19563
10550
15181
8373
13326
13825
15472
15067
9706
10092
14354
12322
17137
16655
16324
29706
16806
16311
13235
21709
19494
31288
21501
15228
13820
22300
22477
14854
18991
20834
17155
14670
13501
25386
17030
40591
41050
26139
29757
22422
21382
24485
20106
22019
20027
28303
40111
29784
34979
26630
25860
30862
21508
25224
21596
41798
21375
27210
24226
23557
20351
15965
25382
30789
26745
21827
18681
22418
16431
29816
33979
15982
32885
22185
29179
26082
27923
30447
37333
25960
25134
19457
11748
20834
25727
14021
16985
23964
24726
54208
27307
19475
14764
17688
18647
23807
24695
13611
20620
26818
21631
24768
35556
31132
19628
16649
22020
25702
23114
57274
43611
51201
38882
43336
38267
56378
81398
43637
36314
29266
45615
48700
41858
39382
45299
52463
75834
96875
49442
45341
49607
45989
49414
49242
36601
54365
74314
49504
42714
61898
52017
61074
52031
33762
48546
52258
47657
49739
39732
29216
44567
110148
49132
67028
60767
49552
41197
55047
77862
48704
40275
48403
36226
45135
34995
37766
43149
41071
42364
30509
28748
24330
50162
38815
34055
56837
60964
40144
40444
39564
33159
41988
32813
40678
50333
57620
96325
