34265
28817
24444
12402
24306
22909
19582
23199
37159
59418
101244
49015
39330
30584
51472
34623
26562
42524
33493
34333
59427
68862
47680
84889
46623
45549
44847
43058
56401
39787
66624
67463
51937
53553
46193
46392
58103
53798
45127
45775
54372
44576
65118
60505
51013
73985
43301
36195
38928
39117
42596
31451
51089
58911
40857
44905
49295
41262
55190
41129
131990
38176
32442
32181
41236
34226
26446
35174
33570
37252
43619
65853
56316
41469
34063
32048
34337
31588
37365
60676
48691
43109
38330
47292
53464
63227
64302
64207
49080
52430
40377
60986
40627
90270
79409
63363
46721
57820
37974
69484
60068
43686
52417
79543
84005
52555
65960
69732
62470
54745
49610
50627
36792
63782
57804
59695
63380
49645
39162
41179
41326
48175
45180
85217
33362
38833
42760
41999
75278
32195
56616
44262
46210
27223
38586
46681
32314
30958
30257
52241
38659
70237
59526
26671
38012
39616
69564
70084
48143
63119
44550
68450
57519
49578
49270
67298
19662
31407
22483
59915
65719
50212
50291
35133
47625
40687
45640
26179
44248
46064
23677
24152
38886
45665
36773
43643
31823
23883
24899
23466
36952
34688
50702
59226
46932
48418
36322
33452
45918
29297
25650
25484
29679
37957
40746
32605
48370
33511
21221
26653
37556
22707
31405
71007
59069
44324
51484
40684
36378
45404
30343
30617
60938
53281
42453
36290
38303
43448
47735
32999
50387
31499
27620
30074
30929
51533
49808
63592
46715
26262
44096
40654
59159
71135
69418
55791
43934
42877
43636
35865
24264
22893
19809
31191
35395
20441
22091
23329
13405
18767
13343
14230
17737
33549
37812
68106
