59791
39992
28758
33155
39005
87034
56336
46945
44488
63390
58655
43632
46286
54371
52432
47928
33494
49779
29919
45985
157356
99074
68841
59769
70592
49393
59457
72728
47262
72304
63494
53810
56593
65486
40222
39459
60956
78586
58221
83374
46901
39380
44171
32699
38569
33147
24672
40567
31674
66230
72096
44593
81644
54398
64933
45001
45627
41050
60429
75862
72379
89166
56910
61902
62328
49194
41336
52705
43833
38543
31076
50234
38519
78815
42903
54358
49755
36078
40926
42263
33572
59505
83133
91779
96148
103508
78345
66272
72563
54143
93851
100903
87381
51046
64649
102550
79759
64654
65401
57215
48719
54348
58689
73542
63748
64211
58443
57495
49693
41043
54418
49823
31865
37501
54535
46944
67905
64544
35582
53014
74745
57993
31903
47524
62850
48540
44622
61343
43527
40415
35483
39090
43952
45656
36482
27320
22686
38842
43637
22827
46864
32672
37537
27985
64391
98908
59181
112377
75938
48616
41533
44545
53290
53120
52541
37607
43176
45027
35161
64244
45194
54196
58331
62840
48492
30118
23144
50201
36668
29027
28757
37816
54882
114157
85635
35900
39895
38374
51206
77739
53159
63814
79756
66256
62975
56111
45676
51664
64073
42989
56782
39432
52633
96002
63639
43523
109320
81427
40963
48358
50512
53276
66222
45930
90432
156739
115843
75272
51728
93636
56811
51721
64911
55691
48039
36469
41424
27287
19102
42531
61440
69557
38303
46821
33219
28791
70454
46163
29212
40374
37969
48285
38946
47943
48276
36672
21441
12059
33179
19378
35547
29607
88384
74209
88826
48522
41071
55213
64598
117864
45779
48893
60440
67461
53198
53754
