53644
43722
74824
43100
42053
41285
66857
153692
96044
104487
65488
67596
55741
60915
79821
53813
62586
50426
58256
62693
68846
77074
60744
41610
52091
86064
85563
63782
83385
79766
63731
73770
66485
37482
47622
55942
65951
62624
64012
55891
28282
105758
101220
58473
41133
39539
71881
55621
145638
64163
73549
57368
67140
46942
53579
60757
68904
119017
89293
54025
74043
60324
55210
61710
79016
66264
68093
63428
115227
77222
82542
151237
88434
68263
53331
59776
64197
53221
82204
53230
69049
70826
88634
69967
83025
54102
57298
45642
87710
58417
52725
60140
35816
56456
69692
53992
42560
40580
42967
41091
30059
55722
33539
49837
48628
52820
68035
46099
45512
43513
90875
49266
66599
53250
80701
35722
27333
58753
71540
45374
40225
33611
47413
60225
35927
44388
47038
51659
43836
40392
34720
60907
39158
32853
48608
35628
39647
32222
34320
34286
29647
48150
55334
33914
30981
14471
6238
8814
12518
12675
11191
7777
18692
8914
12808
7823
13017
10530
7924
7561
10630
13801
8334
12755
11664
9330
9030
12416
13761
12562
14172
20667
15362
17018
15220
14524
12667
13420
12067
5906
9608
8352
8888
10860
7833
10396
9801
9417
9309
13697
15359
40932
14845
12535
9768
16198
11900
17536
17149
18329
14967
6187
17463
16239
14014
14297
5740
4663
9917
8304
12834
6044
8274
6893
12348
17998
9932
5080
5607
6588
8836
8902
16798
8271
6696
5617
3800
5278
7154
7157
6256
17951
10456
11881
12760
14089
13793
11788
9086
9218
18713
23894
24575
143031
33852
37381
30713
21649
17828
29012
21258
20431
20104
29911
17544
34895
