26390
17340
16099
10394
12491
9890
7646
14341
12469
18966
10021
11387
21174
20544
20199
10580
9170
10447
10788
10501
9587
7919
12024
10782
9162
14662
13394
18972
16012
8915
11504
15239
16595
17117
10985
15549
12142
8685
23701
13974
13381
8487
6672
12968
11963
15807
16149
17718
18787
37467
13892
12127
9912
18441
19130
10198
18111
28525
19857
20915
54326
27051
17204
17644
13897
14049
16060
15807
19456
30695
37413
26204
14106
21825
23691
14269
12415
13981
11653
13404
16210
13675
24525
13419
11652
10815
7866
8387
12044
12538
11792
14096
11562
11373
8749
28429
8065
15082
20816
20933
15082
15478
11269
9966
5900
7136
8454
12792
10418
11445
9236
9512
14515
40131
19173
10160
18994
9732
14790
8729
13640
8574
10338
17309
13934
11704
9677
12881
9085
9643
10268
8031
10462
7754
36655
27415
28406
18805
27095
24989
20843
22357
41832
35987
44578
42571
52787
29147
20702
17110
33827
24032
37822
21590
22037
26539
24836
23473
12379
33882
33433
49569
35908
35404
41920
20564
59319
27537
16519
23611
19614
25074
22358
24621
37795
20562
20099
16852
20445
16192
30111
32478
27444
24114
20920
25740
15061
16337
15897
13079
13075
23554
19885
19204
19243
12782
5744
16286
14947
9876
22917
23199
23557
18617
19424
27036
30957
16989
17096
17073
23045
27376
16926
25018
23796
4818
13270
12754
13259
13349
29186
20437
18842
18216
17626
18260
17307
49912
43188
33152
19178
31698
31329
30722
19099
21374
46018
40968
41881
25590
37388
32665
52480
50926
33201
24158
29515
27047
35198
25975
20684
29500
23369
18245
21365
22143
