20599
24067
12605
24336
15534
24643
14025
25656
21065
34240
16359
13771
16047
15658
20046
10395
25598
24980
37328
27441
34690
20217
42243
43665
54709
16830
17903
33921
39034
26954
14238
14229
16872
26843
15992
19125
15016
13075
12562
19493
16649
19650
29445
26547
57982
24243
20647
23978
31093
105465
68238
58597
47409
34929
39190
39127
31236
30402
28663
28599
47663
22560
39738
41620
29667
25633
26276
38801
18620
28778
32543
29753
29528
34424
27869
36209
31226
18433
22555
22616
20299
22022
15368
16026
26346
19698
34795
24476
21152
15840
21534
31738
20247
19893
25221
29519
20627
21011
22327
14341
19474
27030
21791
26198
17108
25096
22635
16224
35574
40115
31010
22625
38888
59192
19082
16203
22799
22939
18526
14201
22537
25550
22821
80732
91495
66582
85132
70254
67082
71294
96372
72013
75210
86227
83062
119992
77608
58457
60597
67918
91564
97811
69455
65641
63758
77794
71059
41938
62828
86634
213951
116047
62422
60530
64195
61056
43470
41309
50656
57664
62574
57650
85089
65144
75330
82260
65498
70934
56993
66400
67137
67236
68459
59579
67047
62982
54228
57539
72055
75365
61374
56011
53565
66856
68372
30644
74954
56027
46257
60789
59766
54460
92997
92161
105342
93611
87926
73274
78199
111014
133690
59058
78048
39432
20894
41779
48628
55187
50998
67363
93622
81610
78444
73807
58635
65045
50934
62594
81226
55271
61274
99539
93881
104537
83820
102359
174320
119496
83654
89968
141483
135072
219379
88036
99386
84131
139295
112560
105292
94550
69714
83939
77160
98554
81983
75595
56093
66164
54534
71351
73358
104794
74349
61420
94305
77070
