44444
66644
89004
58350
54160
138019
86470
58529
65123
84887
69362
62533
108325
72136
91386
69990
60168
123172
97629
74332
56707
69973
87868
69459
153429
113084
110714
93896
129972
79607
94078
103423
83847
78616
95669
64029
126364
165370
158464
144397
130225
72878
84344
83832
122387
71879
128812
150996
156202
119305
65998
122226
125203
90458
128032
95860
93462
71791
131753
126181
110004
101355
76662
51422
49740
96867
71026
61695
75516
94231
114647
69995
77576
142028
71498
104386
87711
104472
79257
69331
130252
58069
58576
45221
64429
74045
91847
90248
75380
71736
59333
62877
54412
51326
43808
80266
57706
47003
60860
56766
92065
68218
52179
35255
92727
53306
59220
40638
32576
47699
71503
61724
106674
107954
99123
98719
81864
120289
97990
153664
111195
100196
98745
128217
201976
209946
137482
119897
162048
194796
181645
112035
161261
168747
136109
135947
114289
153270
186468
221998
204233
185287
169763
140129
218869
206518
179585
149151
225334
166642
239165
360348
304120
277262
325954
235982
197530
293375
289378
131489
117565
106136
194136
146860
133259
103365
123840
109403
107571
196354
132528
90201
112915
82818
72784
124688
158424
206741
144666
163391
126258
182153
227332
201188
98964
84834
113230
143289
107356
135455
77296
72096
82274
39777
87818
60886
71803
84327
103693
109437
89338
107755
128756
116786
211653
188092
229143
203598
117859
132536
184079
218077
201920
196508
195358
202002
231372
131989
118910
128825
146440
230939
161392
174955
124013
161971
217975
228568
194304
132190
159789
111767
129057
145146
178860
132059
148938
168885
130126
135379
103485
222691
279905
138785
230882
150738
90533
182819
126211
105019
169453
106521
179378
169292
113064
101379
