92175
110744
98998
90569
142257
106280
133339
160034
134514
185745
116066
203173
115712
147765
132896
110046
104803
175064
144715
210703
376491
171882
151334
180689
129850
210862
214855
273766
264918
176226
158929
126989
133141
183232
164559
250473
194045
245637
192649
126525
207615
179781
149743
145900
150996
128460
121507
145425
168834
191134
198828
173087
139429
146041
177404
193052
100562
120382
111238
119284
114484
147246
261271
116704
194089
174784
164401
113369
134752
168523
106708
76985
98224
152120
175930
141226
120036
155059
309339
152498
156360
125157
95690
131525
119580
121899
131517
91193
92040
106723
134111
120034
89194
154172
127472
181362
98361
101808
99308
94494
125890
45236
56599
58474
117460
65617
63314
45652
124781
238593
132742
58235
107293
79966
128897
80881
146774
107409
107824
73975
61067
61233
73556
67822
101209
46842
54389
83710
72058
73017
40629
52483
25149
33587
30221
27789
37679
52575
44449
39969
29399
46862
57188
42510
35233
70094
142243
72422
38316
32966
41341
64129
45096
27046
39398
40445
21461
23270
43250
53983
37882
34268
23690
18105
31018
32670
29361
23088
30869
31603
33345
23611
27467
28159
19868
18757
41152
20500
54752
54849
22799
23026
5227
19431
16416
15426
20058
36305
121210
55982
51960
41041
72140
48490
53786
176241
91367
82771
45396
46662
55825
61123
37653
58660
189227
67867
65152
71537
46082
65893
110376
49473
38249
67674
47990
61199
33281
28587
45128
36834
35744
34611
53074
44722
37648
44004
49482
46268
50492
45740
43337
78018
47187
39057
33746
30485
43861
30612
26976
56745
30576
31085
24703
49748
38683
40553
32409
36943
36557
49152
37554
96531
38680
31193
38606
32789
