43751
48089
56083
40196
30741
56747
164175
69210
77962
74654
45612
32942
36452
44525
59970
68902
77772
157695
63241
56401
57260
28504
48405
73374
64976
48904
85643
106973
44856
113330
111000
42259
29001
44487
35835
35770
81034
60477
74831
59965
48065
33417
29404
36524
41014
28188
27147
31035
30431
47518
47043
73939
51878
143435
72412
109536
60701
60671
68334
50855
54789
39380
49484
42276
40429
54499
38276
42204
155576
74578
53000
44362
52125
49929
37648
37197
47068
22547
31565
21589
46106
35235
60700
81755
72333
68450
61856
62777
56009
60308
81828
119079
102078
101440
77841
90744
76038
101709
143803
104795
58374
109749
91364
54305
73561
135709
141190
114612
156995
82583
129499
152269
139958
168390
87955
232162
229364
172111
112195
124358
111923
120816
245316
165554
139538
190105
98019
111235
123669
102737
213930
119609
137571
82933
143477
204857
115060
119946
118920
117518
80632
87941
84073
62767
82814
61033
73275
69909
90091
96248
72410
80619
54564
126379
97060
115004
153256
118146
112809
158975
191076
275272
190727
203588
289911
348977
148033
156962
244161
103588
95000
49633
79690
91999
58064
53541
122008
111806
97610
117897
72286
72068
131214
87971
88182
193845
264778
268574
291928
210298
109259
110573
143870
167461
119314
137101
121147
84103
106484
126659
95581
112364
107551
78575
116886
139341
116908
103270
115091
163387
107464
109834
147794
96846
109707
70816
80897
173865
81336
77348
87710
74189
146781
94503
135200
129327
106143
154072
218275
202207
114097
108344
147861
87509
79671
72530
69616
67133
67284
94308
83958
111745
128314
87632
111190
165001
252723
153561
135248
265647
137357
141490
147989
166045
162043
132708
