136094
155458
95534
117453
113607
104394
141977
90600
96144
113453
71483
122011
86689
89085
100959
101954
115027
79965
85478
96130
65020
116977
81784
79677
80647
166762
168473
184354
101263
117665
90726
83900
95691
101519
93707
102440
71104
65781
83583
89525
142160
98837
143910
110786
156008
93128
133949
89784
89963
69710
89018
69050
47110
92144
94112
85754
134938
88843
92025
57469
54789
118576
79831
55402
48931
74417
99560
93796
78295
74793
60593
79575
172518
89979
68685
52318
55456
70676
53301
38155
36537
46400
41530
34159
31647
36911
52843
42256
30098
30453
37842
35066
27975
35867
40230
41506
33745
38137
26109
32085
31522
36252
38440
53208
49858
49753
43388
34526
35280
38515
25891
27419
25275
17413
27948
35699
24379
36761
20658
33875
52431
28233
25230
28597
25991
38506
48464
31311
41496
36138
29070
55052
46101
36616
49761
41369
27812
39376
25380
36321
24377
16449
37793
28629
35003
36764
43293
30540
28134
39208
23581
28151
21813
25679
28529
41094
31454
27049
19368
11624
5016
15085
17349
13097
15422
31103
19889
24352
37695
20462
21725
50540
26866
57547
61009
36217
39543
50310
36683
25027
29084
34718
40378
33365
31756
36105
37134
41270
48169
27485
33931
31119
28631
36299
30848
33160
36395
29202
16034
37347
27718
27999
26152
25353
25074
28251
22675
33385
25058
26198
22977
31954
42619
42060
35535
47811
26219
51423
32227
33934
27522
42148
41247
37317
20503
47517
19275
26002
35233
25854
18796
23331
17274
13220
25282
27021
42683
31137
19716
28302
23729
21080
21859
44356
49143
48512
45758
37793
58442
56656
55062
75414
47578
29743
43251
36630
