52122
74672
62866
74752
187343
75781
43557
108403
66499
41355
52706
41411
37112
29883
71768
68159
54824
39272
28868
32422
36472
33678
29084
24170
22063
18601
26149
28526
33828
36418
27435
45757
45203
46809
31091
41896
50866
31403
20668
23870
28690
37289
31878
39891
23689
32639
44978
76477
57358
41778
43636
27121
40190
26691
41807
32748
95744
28043
48136
27428
54894
39450
30214
31281
22371
22883
29545
24065
36110
28100
28930
31642
26261
28722
24795
39451
31467
47483
35942
42448
35599
54128
22975
37171
41750
42916
37615
23011
27423
30713
32335
37986
19457
28752
54718
62334
48118
28295
28293
23391
45140
33265
27849
39724
52302
41410
34129
30436
32210
39740
93327
179943
68390
119435
79350
62740
90395
90264
56524
33458
36949
29436
46480
51210
38078
41305
36354
37190
46758
27634
19984
36738
39277
27641
31570
59746
40121
52069
29872
41072
32011
26871
26682
38607
37785
36538
26640
24683
19592
6661
11750
12539
14192
14707
29471
33684
26818
25204
38455
30592
33234
36764
30767
43389
29922
83413
87420
58271
36013
33151
39860
55154
49169
40669
23994
23898
35094
48329
33746
22561
34683
51838
34168
37708
27938
25326
51268
43115
41208
33920
57518
63715
37973
42730
32904
33103
32884
24036
51440
78402
58028
35204
39674
37276
43893
38243
53145
31910
31400
31634
39820
30369
29292
26935
27280
25938
33492
27989
45927
49524
26533
23117
37923
54462
27389
42935
30800
33633
25833
59342
55804
43491
59075
36703
35504
39269
28755
32758
33223
63110
63251
59483
38388
33068
22998
33810
39437
45558
56034
61683
67906
38805
60580
54268
50754
40529
