84232
46574
39556
60495
38060
50831
46587
35430
27372
33507
30711
51232
44862
40668
38009
41284
45138
41377
61823
22980
51165
37604
62172
48790
57102
54004
46562
32167
38704
52477
25825
34699
63140
43627
50840
40211
70272
43942
43159
34723
48369
31629
27959
31264
20212
21228
30860
28275
25838
20016
36098
25528
20934
20418
25692
30643
27539
51576
25649
41658
33167
29004
30641
34740
40988
38019
40188
29148
66382
57859
123114
46981
46905
44930
41278
50660
29430
36193
31287
35657
40168
27292
31783
53144
51328
46738
35424
40884
23495
70054
32997
21791
34358
48703
42238
44996
27388
33309
44533
55283
60654
88660
58557
47656
29543
32761
51008
50753
60859
53102
44472
42341
37458
43085
39812
42277
40573
36242
30046
20826
43213
39986
40666
53091
49786
43587
63939
41201
49719
49772
36148
46832
44513
41507
56336
31926
31253
26687
6847
17883
25767
25968
23574
38973
59663
57703
57469
137796
137468
56626
58225
46983
60662
35249
52611
63441
56232
35204
32858
52472
57115
65674
63310
78440
47453
72599
57993
34850
52627
47051
66472
61490
50652
44890
43325
48860
29162
56223
47482
44413
38950
39445
63049
60771
43704
54003
40766
54709
63094
103541
58787
49378
58270
57715
77499
79764
38295
40734
41277
41200
29061
32260
34930
31778
35738
38272
35429
48365
43195
27906
36877
47935
60988
152579
85167
50067
52226
38908
46663
42692
63966
81359
76917
58389
70258
54342
62792
83842
111520
86799
79406
49415
41843
35871
46563
48837
42825
53040
72192
130716
66070
74270
58629
48613
42767
54064
46526
36196
52139
70570
74243
54241
63156
44178
38732
48348
