87916
55984
50999
50824
64830
35025
46034
43596
25732
60781
47038
63058
46302
47493
63723
41224
26999
35551
51233
42899
36073
62746
44349
30710
44198
115006
47061
50007
44739
40178
37830
52008
54894
51727
49402
43581
46635
26232
47328
55255
39504
33041
29011
44003
55602
49770
35287
27448
33812
49193
345302
52351
44973
25707
32837
33462
25682
21285
26476
24772
20120
15685
15298
30392
23760
27612
27969
30294
45346
27821
41014
36904
38726
21833
20071
21654
22479
30870
21665
33440
29083
26342
20892
29989
49348
17280
28651
36233
42749
30442
30555
37636
37281
22704
22924
28066
29327
20777
26658
26950
25065
17720
36622
27706
31439
31820
32471
31638
40732
32832
30264
36744
51512
64097
66290
53692
38962
70669
38074
37945
24547
31826
29516
39803
34654
36905
48588
22617
18090
25876
36579
36073
36663
23771
45657
27222
22804
23984
21785
16299
23687
18859
20105
21935
26130
22605
42848
59072
25326
39544
30242
53797
20202
48947
35376
42051
19859
24659
57638
30961
34315
46933
29342
42381
24862
26620
19855
38388
25480
37686
28538
33741
54960
39194
42292
20699
20525
23978
27390
27129
40978
99383
30502
29043
161064
162892
132451
115424
114249
123946
128542
241544
174815
145970
113810
173233
135308
121926
112129
151638
177478
167109
178426
109521
178195
146955
190081
170387
140775
187239
177594
226057
202108
137888
143288
119510
146307
109120
91676
131833
198952
134391
138486
109407
185301
341040
188584
139378
207049
150956
163140
153481
126452
116512
86407
131844
159833
147483
179947
128612
113450
109359
112209
97742
125732
55578
71795
161306
138373
100261
223194
198865
134687
124680
77022
120534
