22704
22924
28066
29327
20777
26658
26950
25065
17720
36622
27706
31439
31820
32471
31638
40732
32832
30264
36744
51512
64097
66290
53692
38962
70669
38074
37945
24547
31826
29516
39803
34654
36905
48588
22617
18090
25876
36579
36073
36663
23771
45657
27222
22804
23984
21785
16299
23687
18859
20105
21935
26130
22605
42848
59072
25326
39544
30242
53797
20202
48947
35376
42051
19859
24659
57638
30961
34315
46933
29342
42381
24862
26620
19855
38388
25480
37686
28538
33741
54960
39194
42292
20699
20525
23978
27390
27129
40978
99383
30502
29043
161064
162892
132451
115424
114249
123946
128542
241544
174815
145970
113810
173233
135308
121926
112129
151638
177478
167109
178426
109521
178195
146955
190081
170387
140775
187239
177594
226057
202108
137888
143288
119510
146307
109120
91676
131833
198952
134391
138486
109407
185301
341040
188584
139378
207049
150956
163140
153481
126452
116512
86407
131844
159833
147483
179947
128612
113450
109359
112209
97742
125732
55578
71795
161306
138373
100261
223194
198865
134687
124680
77022
120534
86330
140450
161573
210803
168970
219953
151447
124302
78372
29466
98231
62032
54405
59004
128918
145048
122935
152452
99350
84827
131192
127367
133839
135904
154714
186023
248651
200082
136923
158668
197642
177915
183177
120336
147939
123537
205537
224911
157535
137427
122195
87533
165526
114892
219604
90767
118050
128448
132888
120200
125414
94464
68434
79094
83924
78359
94430
81857
132500
119940
146184
141559
83960
107434
118598
85684
139772
97026
95736
73702
105676
108170
69113
91239
84512
68203
78658
124804
123767
142352
74300
110255
