86330
140450
161573
210803
168970
219953
151447
124302
78372
29466
98231
62032
54405
59004
128918
145048
122935
152452
99350
84827
131192
127367
133839
135904
154714
186023
248651
200082
136923
158668
197642
177915
183177
120336
147939
123537
205537
224911
157535
137427
122195
87533
165526
114892
219604
90767
118050
128448
132888
120200
125414
94464
68434
79094
83924
78359
94430
81857
132500
119940
146184
141559
83960
107434
118598
85684
139772
97026
95736
73702
105676
108170
69113
91239
84512
68203
78658
124804
123767
142352
74300
110255
138945
149041
189485
288931
150848
235444
216624
272779
111142
114343
209798
124414
183978
172497
113939
193502
132528
249772
264740
197366
167017
155671
130614
225542
141352
346053
278207
220150
295894
178592
231655
206261
162976
140721
146010
130663
127421
210214
159221
252789
157651
163835
129872
188609
156651
160318
124193
154158
159123
142089
156919
168354
172710
101410
195707
137309
148716
118127
127980
171875
140958
122431
70281
119373
107440
142241
175328
78812
141509
198348
184839
132326
94592
99634
72058
119212
104778
104280
89878
111601
101544
111846
99302
85969
104250
72604
55352
65436
72718
129311
110820
68239
57567
67984
37213
40828
38465
37599
61823
37240
47338
34240
49249
45737
47655
48382
54120
72661
66837
68369
36909
45841
46984
46998
46681
53658
40488
64950
61255
46627
35626
37267
23753
44642
28118
36132
36831
52356
56686
62067
59799
65673
58301
48018
55627
54568
56065
50059
36541
38951
38346
35525
34090
46667
49511
53730
48112
59588
42088
33613
32606
38864
27238
25989
43112
38561
26579
37875
43893
34863
41076
48358
47864
58051
49994
54691
52354
37187
95664
40944
40069
28770
12538
20218
