22659
21910
26435
61040
50048
47268
42643
46547
55299
46719
48770
35512
53432
36806
36731
51115
58139
49993
49963
76906
55791
72320
49166
61292
41509
59831
78257
52603
52774
49330
55041
79573
62909
59886
41248
52960
33112
41523
48424
59205
39731
37032
59562
48355
56517
40573
40185
55604
49044
49839
58055
54630
51544
44865
31746
91990
51768
49640
41808
39362
47937
30339
28760
37615
34562
45049
36895
52253
33532
28182
37947
44172
33838
33607
75701
51222
49778
107062
86103
47108
34572
62373
61225
49742
50684
41155
54266
61793
92703
102900
76922
59718
50671
52791
66486
59805
60405
85017
108965
106267
53450
78588
65604
50757
48095
51268
43012
39121
64602
83106
74256
80015
58733
45835
66588
49449
40576
43489
61913
45203
41980
50708
55057
79194
33157
70286
65612
56768
39887
57799
52556
36378
29195
37871
50358
34412
43338
44986
47316
52563
65986
52004
46680
45411
46174
36710
51633
47263
37968
35622
28140
30693
32135
26698
41029
48398
28692
24729
25984
64852
60732
38223
40906
39416
65816
49169
36657
32422
34243
57586
39334
28682
91342
31345
43658
30382
28746
23237
39266
61030
32154
47810
54664
24151
26063
41859
36376
28796
176249
95105
84455
95626
843883
111409
72048
57804
17280
33598
46862
30880
31609
50451
64586
40658
69615
29771
32286
32106
33572
45955
53257
38101
31927
70392
74455
40372
31106
48339
32677
50711
40249
36109
80493
166264
96737
59938
44921
36440
45111
55293
40166
37441
38237
34183
28931
47826
40524
35361
31195
33750
32259
34154
36443
48768
78163
91751
71099
137860
71607
51847
47678
36965
46925
60559
41686
33794
