39029
50889
33847
27841
40835
31262
43662
38410
34533
36877
26929
23917
23307
28591
43324
51600
46955
31477
22730
28413
36656
31254
45687
44729
51075
73542
62699
77565
76573
92974
159877
113822
87774
118154
92831
79588
424644
226455
473347
329106
254113
199072
102860
113642
111041
97799
66476
62707
94061
97840
105354
76547
76282
88980
90958
75443
93654
78094
70378
72846
74338
289690
117179
69837
65698
60325
51313
99644
61794
75910
47015
59317
52186
40616
56208
39591
49828
32056
41225
97649
50047
47772
39793
48733
31654
39485
43394
63012
147194
76994
134716
85424
51255
76982
48410
71538
77670
57791
61694
36429
26752
33336
46105
78854
36176
16779
17769
13793
11592
8148
27179
15956
11253
8151
7552
12050
16414
10300
9755
14624
11771
10750
11719
16411
10155
14864
21832
8326
7677
6297
8499
12619
12857
9401
19143
18125
11217
11809
7340
15020
11594
9562
6257
6953
8069
10679
10830
8404
16105
20841
13797
6472
6061
9397
8218
5891
6468
7372
11292
5914
4616
6814
6881
7959
9447
6890
2819
14074
12621
23015
10430
9390
5421
11073
7964
6276
5286
7456
6340
6667
6281
9419
10809
4766
4719
2191
5366
3627
3286
3305
7805
8460
8100
9757
6753
11924
11597
9267
7812
7849
7531
8549
11801
20231
18809
17249
17087
15638
15964
14033
9014
8592
12863
17134
12886
9698
7152
6163
5523
10307
5739
7316
10015
9519
10111
6899
11673
16090
10727
7993
9580
10350
15418
8892
13289
9137
8589
9584
4516
8768
6008
5892
7142
8609
12370
8390
18618
12246
6598
10225
7976
10147
13093
6033
6167
6624
