10537
6617
10499
12979
14994
10329
9338
5832
10700
10642
7200
8402
12005
12318
14838
12519
11575
12220
9677
32893
35968
17486
12591
8135
7159
12926
9811
13073
16277
27292
35736
16146
21890
17803
9871
9202
16598
14301
12030
16791
14870
19064
16161
13144
12337
17658
10848
12126
13801
18600
20353
15579
14155
11156
11192
9511
18620
12281
17119
9078
15490
10494
12148
6787
4515
9246
9697
9043
9659
5983
8977
7043
11017
9588
9633
12151
16915
23481
7162
14798
17636
15076
8309
8007
8031
17260
11788
13564
11845
10713
15396
7489
7482
7829
9245
8234
14980
10379
17696
10812
10895
15138
9213
8857
7970
7031
7157
6249
8481
8478
7871
5766
5873
5427
9155
11000
7413
4014
8016
9432
9186
5877
6351
5244
6037
12135
6565
4695
7973
8156
7913
5214
8035
12816
8634
9671
10774
20170
38232
18285
17729
6153
8095
7228
7275
9123
9128
8224
9950
7917
7261
11711
9383
11805
6071
4411
8812
9497
9034
7644
15997
6672
5781
4903
4115
5691
5304
5038
4455
5670
7300
4655
3696
2911
1125
2050
2346
2658
2152
5104
10288
7260
6610
7350
5618
6468
5877
8212
7014
4908
6018
11221
9252
7053
5380
5872
7503
4465
3569
6228
7051
11609
12953
5394
5851
9354
19094
11392
8109
10885
7631
7277
4500
7422
4729
6057
7509
6930
7596
8230
5911
6715
7702
7165
6416
5976
4803
8747
5323
8547
9199
10697
8536
7682
7740
10529
12453
6788
6064
6194
4871
6657
6005
7450
5954
11101
6860
5386
13026
5086
6518
6973
4791
5263
13370
10153
