7354
10307
6610
4997
14421
11276
9248
12550
13741
13498
10567
9984
7918
7563
9337
8228
9870
11162
12230
10254
5492
21330
16820
18898
9750
8175
11062
7100
9466
9922
10129
10592
6863
9708
7147
8108
10983
14056
9709
9672
8650
10972
11615
14652
6910
15498
12518
10685
7469
8213
9366
10980
7961
9071
6886
10032
11031
10667
6760
8569
10777
16371
17448
12424
11559
8138
7926
10885
8768
5546
5528
5140
7495
6710
8311
8329
8307
4875
4625
4373
8892
9563
395
622
707
447
699
643
372
821
689
374
543
1372
1829
814
606
1297
808
1598
937
684
438
634
415
350
539
465
988
1195
645
868
718
735
622
861
384
1010
2625
3031
1565
1543
979
1354
788
1354
1368
907
2089
1385
784
789
681
607
336
490
358
436
344
569
594
450
337
517
218
423
265
686
876
947
383
307
248
577
477
410
334
377
256
304
346
308
280
335
370
204
378
273
266
407
387
485
518
294
350
355
224
741
788
495
555
770
581
387
311
565
779
492
278
526
518
941
528
607
548
1054
896
449
411
482
815
1075
1363
281
265
830
589
341
318
267
398
223
801
1130
252
315
497
497
612
336
441
568
286
718
1016
1153
1296
1207
620
473
619
854
858
1730
1212
729
803
1061
981
983
840
662
398
472
421
477
384
732
721
675
628
884
765
962
851
856
