722
901
468
414
789
891
820
1208
638
901
903
433
521
277
383
440
815
433
473
2394
821
609
373
1205
355
735
750
615
509
284
726
317
337
776
677
884
572
769
480
1322
561
403
436
706
723
792
536
435
614
768
607
611
753
845
513
301
704
581
468
573
431
342
802
524
321
161
252
280
312
274
33684
49287
63978
81845
65305
65718
48875
46878
28300
46745
36925
64682
82056
75932
67951
38876
70102
66970
43492
35454
38040
62792
57488
88414
81061
70423
111629
62414
33410
44714
51008
51977
40549
46637
47288
46565
40970
81441
59645
26344
69373
60645
115145
57344
52432
56612
28689
36471
19609
28521
34937
50880
49868
22516
51383
44612
131398
122894
103726
83910
75962
68061
93963
78237
95734
64309
50034
96648
116129
82553
75506
104414
108541
402721
218892
94041
124991
105969
126765
151788
87919
95821
164499
97191
81945
135940
92796
78910
101671
46898
94227
111594
153853
251018
170514
101472
179717
212872
111529
206537
162714
226393
145328
82399
117666
110736
120433
90164
97242
100178
124996
104657
100785
110876
127119
130773
148845
90079
59116
115978
95439
121848
111102
146464
100761
80654
97161
112090
73225
69386
73840
73255
81773
81814
69696
49864
71449
19694
47296
46041
44138
43846
141336
156259
154455
110412
127193
99896
97347
149368
86116
196311
123573
175796
133625
140464
98565
205113
233123
146834
149365
119980
115260
81472
95707
123548
65500
88169
79627
129645
117055
90821
73303
116644
86862
96390
106365
87420
93318
70201
58600
134711
115905
90220
141520
79315
