75300
168509
123327
95617
98828
87685
102851
74124
96877
93506
76388
114118
130311
132669
86502
87392
114962
106094
101522
74785
83318
120220
86501
104183
141070
162901
236487
263657
110641
112190
110153
72808
94695
171069
202932
128461
133729
120392
89028
119647
108798
164830
167465
123855
87374
104579
93265
90810
133518
105083
125877
165998
141006
79277
125285
115967
135394
107092
166017
142539
105459
120995
138011
143256
222350
101468
60337
115776
82273
86246
79398
80841
89044
68124
113880
86311
167168
71203
106897
127900
122281
83354
97596
85225
68126
65024
59334
57337
101717
73143
62523
80284
119797
100988
146036
117391
175225
169217
136845
109385
138827
114181
155634
123441
109106
85660
48472
83204
86127
111650
85041
82293
111534
93571
84004
7951
7673
8445
8521
9123
15185
22706
13699
13337
9088
7278
13599
11873
20006
10350
12188
39701
28048
25982
12465
13843
11830
12103
8747
7495
7905
12591
20290
15009
8909
10205
5449
9909
7185
4787
6269
9674
16972
7536
14076
10942
9853
10095
12304
12598
17350
10165
15294
16908
10767
11004
8236
7340
10407
12568
11960
21423
16194
13919
13836
9602
8401
5494
13626
7883
11234
5819
10360
9845
8741
12182
8994
9194
8704
5803
7915
6603
14094
16057
10241
10879
3544
4767
3947
6534
5469
11279
8302
10828
11268
7019
9735
8947
6800
4825
11170
7184
7243
14770
16445
15945
10204
15060
9956
16547
8586
9311
8123
19761
15772
15444
38448
20042
12154
14574
13125
10084
6210
13725
12158
13404
6975
7573
16175
15742
13026
12426
12864
8672
9840
14001
9488
6856
9351
8357
24811
42356
19432
17719
21058
14887
