14515
24470
14511
8195
8660
7229
15120
8435
10712
13239
9412
8790
11401
14055
19151
28515
19034
10185
10457
13678
13057
18592
19832
19956
15466
17503
19516
39655
32375
21143
21582
22715
21378
20706
26442
8489
10353
10951
15222
16404
18696
17550
10178
14699
15306
11081
12201
12300
14975
11515
17594
29963
27375
19708
15219
10374
9924
24755
17945
8641
12556
19543
13921
9869
14334
12452
8433
17476
10189
18933
9231
14234
22208
14030
7224
6651
8165
8244
10216
14928
15647
10823
9037
8962
6814
7093
9661
8506
10550
10103
11484
42533
27774
20016
15087
10885
18122
16315
19935
15190
16689
26561
17998
16535
31362
29243
22711
20830
32333
26067
26278
39281
30603
28421
22707
32254
27423
25601
24354
39554
44230
49078
34235
23133
27069
32426
35773
32107
40554
31885
38931
47201
37439
31248
29693
17565
19759
14645
10347
18117
33214
21569
40533
28864
38149
28542
29277
20165
32385
27193
33907
24227
18835
26642
20949
21484
19929
17347
25351
24296
20177
22505
28121
22537
22046
14066
10663
33296
26439
26806
40978
35321
38207
32872
24807
17928
19944
25984
20254
21175
25584
24956
14724
15821
17134
7873
14740
11131
10307
12878
16881
20133
15400
18234
12656
10605
15518
20559
16599
20950
24292
19091
28928
25379
23566
19453
21509
19006
27989
22271
23308
17151
35452
30683
20781
24077
22232
23617
24454
26540
23871
18385
20999
15770
17325
16266
12359
25143
12657
13276
11395
14570
16718
12597
15929
16060
13815
16059
12411
18084
16627
12731
19416
12881
12119
13723
17264
17227
12990
11025
17776
15512
15397
23410
18903
13222
