13858
11508
23261
20100
23647
23966
11172
12759
13415
16608
15806
17946
22062
19237
23338
25377
21861
23878
20141
35090
31910
28108
16938
16949
14606
18734
18699
22877
22633
27629
37531
19187
21844
24533
22973
18892
18770
21558
15094
27768
20501
24593
17641
19384
16846
23717
21356
16904
12360
24479
17604
21118
19032
22928
24457
13463
23737
23140
18310
16566
28089
23615
16878
14855
15346
16388
8395
9952
19355
13902
13896
15365
19790
11902
16290
17228
13656
9451
16767
18280
14555
9668
11249
11784
9730
13406
17018
13141
12183
9342
18479
13673
10538
58667
41817
45507
46739
37112
74706
45050
57256
35933
30843
42512
45903
51775
47487
37622
51920
48166
51401
30777
21894
19793
26915
31663
14889
15132
31010
61938
40127
29915
28459
46107
27954
33581
21223
29199
17831
22341
25858
39382
42751
37174
40532
19584
33726
28068
22034
34173
35696
104839
79397
54251
30113
42665
23916
27402
30976
71361
65810
69532
50150
42019
27662
54175
33082
58002
43056
46991
26772
29674
29057
24046
20735
21436
22223
29629
32961
106907
29070
25351
16462
5466
11357
15702
15528
18206
26519
46286
30035
56746
23513
34431
24847
25631
18636
52083
29121
42856
37773
44670
24914
34919
25335
36295
43734
29784
50332
192698
69694
62937
27174
43051
31086
28674
26027
26955
31229
27809
22312
32466
29968
43411
44120
51701
49966
34702
43262
79327
38865
32480
39634
42067
34970
50590
40777
26179
17860
19747
45540
35620
25727
19494
34568
31433
36889
27012
22450
32601
36699
18393
29656
22377
26486
26058
23248
25894
34120
32889
29498
21273
31852
24749
20915
16542
