23082
35820
60606
27492
22192
31752
26350
84073
77628
37497
27162
37574
21374
21820
25376
174644
117371
107768
97298
57965
71446
107059
58603
40391
46482
49781
87254
63306
69118
58910
58308
46388
32431
42771
36228
34284
47753
32157
88989
53743
41680
48836
50018
56449
43096
21547
33103
65642
76351
93136
47411
68794
58831
26712
28785
22104
20049
24991
52555
31813
29070
22380
39507
47511
40759
45720
87968
57297
47137
50861
42991
82619
71107
36257
34978
54471
34176
82237
27696
30776
28192
20439
25111
16128
23901
21002
58076
29549
22022
20255
29768
22779
22676
26052
38126
34965
24049
30548
23981
25309
36620
35957
25819
27002
20351
26980
33086
26178
20211
22672
13718
16763
12646
8733
23052
30416
19852
22462
19001
22787
21431
18458
17771
17109
17102
28820
37193
19918
23282
19032
20514
20960
13846
28785
21966
16271
17435
14249
15173
13709
8695
10419
35104
18465
22993
19122
25777
19808
15477
12585
11605
14736
22965
16496
17491
12785
20472
12852
11371
10679
4109
8984
10071
8515
13415
11968
14445
19804
27727
16559
14074
16344
18477
12799
12588
15557
15831
18294
20033
21409
15617
17724
14996
19749
12283
15302
12117
25988
25787
15212
13833
12384
11780
10463
14200
16712
18843
16912
13701
16451
16662
21404
16636
14887
10943
11485
13764
15130
8715
14976
16077
11889
14689
20174
21651
13722
14121
18104
15712
16390
13926
16401
20781
14295
13281
16900
14807
14221
13371
13386
18842
25212
18341
25825
20287
23662
36883
26938
18130
19945
15633
34794
15596
23682
18605
15833
20047
14002
23949
12980
35757
31015
35026
27408
18250
15901
