19036
16735
18123
20800
31214
41025
18672
21652
21619
18614
16294
22840
23967
20340
24851
16224
28489
24376
20250
14498
20099
18787
19336
14530
22472
14194
21202
24927
24020
27445
21901
27805
25743
26137
22312
28576
27244
17868
14546
10560
17678
11204
18994
24976
14574
19867
19399
23339
17726
22314
15845
17923
15884
19544
14390
10614
11759
12496
14138
9211
16444
17107
16747
11367
7890
12682
12889
11241
140342
86070
102077
124771
141075
137928
124435
153984
107801
107080
73467
153105
206323
206066
123003
125508
275008
392351
454579
201431
159159
242072
194105
146634
116313
130521
181044
220052
165387
135170
166451
241499
190628
232332
165925
220884
256379
159776
214034
196711
191821
248891
250329
198663
268143
229863
494518
138227
149057
191650
145751
123437
124921
118550
131617
164342
106185
105616
113790
220389
261609
164197
85522
194712
225484
165758
164610
160062
161271
202924
188641
131254
104351
116777
206452
187514
167651
181162
94516
121368
94087
33922
85660
77905
131730
74875
151730
222520
351841
239255
193767
206113
135128
160504
216265
437492
224493
283615
221090
227270
197960
354629
327955
334582
254077
170935
165135
336364
269751
235157
166115
239683
151504
150039
142213
116837
134212
111971
184812
137314
147442
124529
158416
127391
161997
173534
133581
131063
187428
160382
203035
181584
109908
112991
125974
128725
244343
111345
198909
127532
144296
150085
135273
121272
140362
442841
214371
172203
176822
210933
272133
296174
197183
184202
190170
414607
270643
246762
178027
149469
226575
249103
244571
163467
249513
266053
148738
219174
145750
345073
162751
394925
364788
259561
232423
194058
132794
230753
208997
214708
238913
295516
348997
193115
232588
281809
175350
183036
