144463
177961
159078
210675
164893
202195
184763
166666
169128
150050
192804
194515
210642
182986
125717
148357
186617
153936
200673
131775
461054
276129
304063
255789
394785
207217
192292
183283
207484
227091
181579
184151
216728
149469
213871
206392
225241
470952
154423
227321
319902
242388
191057
250410
184111
173207
135722
130548
153451
148745
184740
308881
146395
140972
176966
179754
173182
78579
44051
92867
84647
82774
60816
87081
102545
111219
67764
30818
43222
79455
41160
35198
60150
62731
61751
53692
37369
46825
61523
66001
42339
59319
261273
110963
157492
89081
88064
74293
85786
95082
55073
66212
103467
71250
93769
105995
50178
42171
80671
60499
49068
47686
138487
95477
148944
82232
78229
89040
68494
61905
46313
57700
42389
74332
81988
63745
47668
36154
33067
30696
52943
57436
157559
58356
66415
44164
72202
92444
71178
50914
55025
59042
71557
97431
175604
176536
75888
62169
17191
31663
29394
28242
28060
81709
108441
89453
50406
61400
49474
46462
45265
56869
86918
56216
59389
79516
69763
61379
65654
67064
56137
84418
60731
76755
234116
170811
126354
116861
72491
66300
58817
56461
54064
77995
51420
47065
59842
78348
78944
114413
71040
68679
88090
105972
84014
70752
78735
72979
86370
131915
68868
42022
54811
56493
50847
96626
104129
106122
62444
99334
98873
129501
60870
57056
79464
68974
56471
85654
58018
42757
62697
41635
44361
63559
90565
49039
38300
44194
37547
46554
38269
69261
54252
61380
60381
51328
82687
97293
105508
130830
77403
93103
54321
54148
61589
64699
55128
74275
161892
123673
50633
83017
79846
74581
73846
79234
58106
76048
112320
186414
133502
188792
284507
176549
133408
103325
