15973
7914
10156
17156
14315
7548
5942
6033
5823
6074
6891
4493
5991
5794
8543
7331
6817
18678
20835
17466
8539
6251
7533
5263
3837
8536
4529
7288
9204
17822
11458
12828
9557
8350
9270
40930
29269
33457
43268
44755
49050
27478
43590
57386
48098
33128
38679
25797
32211
34298
42633
31049
27522
38847
33431
43408
44720
33202
46310
33521
34266
52451
59095
32638
31219
37839
31694
39750
33288
35256
33949
50164
70697
41663
29830
30052
44009
46312
77385
39927
39423
45293
37015
29947
33867
29233
42560
26473
22897
25556
20479
51926
54113
31963
31992
29753
19700
14975
38141
51153
33386
40619
38599
23225
25749
25827
28669
19508
18939
21104
44411
52468
62594
48724
36494
29436
9693
25619
16626
16905
15525
31186
70492
39960
36267
25220
27879
41714
28112
20976
48748
28651
37106
93896
109920
53919
45741
37801
45597
61857
47082
35040
25589
36431
55677
36800
44883
27439
36581
48321
72536
41116
39526
38397
42008
51448
113305
106217
46687
74164
54329
88029
55607
45009
50378
69032
73676
145124
66561
42162
44420
65005
27393
54036
94788
85900
48013
57379
92896
43856
59378
44246
39788
46981
39095
49400
31565
36360
48430
74121
92557
43318
67027
87765
46323
61233
88928
161565
56146
53790
52937
38864
47526
29293
47456
39488
75183
78530
59639
37508
24041
27530
46176
44702
91750
68678
66839
65259
38936
91061
97797
55520
63212
67153
68113
75529
79381
62045
64928
61255
49512
48265
49040
44195
42323
36215
35074
42692
50654
40083
78177
76172
63008
80633
61843
79929
45565
48566
52977
48796
35755
45030
60593
59904
44799
41592
