26156
47475
82253
158071
131465
67941
74368
57348
84875
81322
62932
44483
53629
33968
62217
50784
101348
159206
93493
42035
53932
64020
63080
78414
6638
6711
6013
10503
9267
6590
7941
10812
8049
10125
7079
9130
5551
4429
6264
6493
9653
5569
10336
8945
9194
7188
9890
7694
5851
5365
6888
8587
4652
10388
9782
2938
5378
7950
5274
7835
9055
8794
6793
6110
3732
5612
6425
6532
9670
12531
16716
7000
4591
9494
5157
3500
11072
12403
14694
7433
4634
5488
11513
5330
4390
8303
3087
8904
8091
9025
6174
7447
5249
4730
5286
8020
18724
9849
8566
8943
7869
11418
8312
9241
11353
2873
5314
7450
7184
6934
7708
8129
9671
8778
6461
7380
8229
5946
4694
8256
5779
7033
10240
11212
6873
7802
9249
9808
10507
8312
10769
7752
15375
17849
6970
13323
15498
11473
12139
7043
5648
5231
7449
3867
12702
10436
7306
8884
5086
8972
5115
4671
5475
4575
5034
8746
3439
6224
4036
5208
8625
8387
13536
6908
5649
5006
9187
6858
13005
11797
9812
13071
5531
7948
5317
4975
3956
4954
8320
10318
9462
8088
8121
5433
7704
5182
4768
5256
6289
6580
9742
10031
9408
9355
8753
21916
22776
17988
13084
14410
12803
6253
8023
8370
11512
10822
18459
7609
10243
8908
6848
9914
10699
10482
11734
12784
19044
12726
9937
7887
8412
6795
7189
6255
10459
10650
5078
5999
7854
16998
17465
9433
15858
12498
17211
9256
8753
10413
6924
5187
4748
7627
6968
6683
8902
12001
7514
5224
8194
8013
7697
11350
8606
16618
9308
8754
