7008
4766
7854
8766
7184
7489
11190
8647
6795
10457
11815
10411
7371
511377
516422
427889
433107
352927
354057
356177
873532
539023
394736
315604
474868
409469
338027
320561
507567
496749
368804
427491
343906
452302
381821
466508
344860
313267
297058
391937
564548
520608
560024
590775
418240
453388
292257
525044
386485
628945
390780
574723
323274
417226
1137187
749186
493776
552078
498260
572745
533913
376132
444198
352166
400896
345663
365765
452709
291993
272887
308544
418810
327416
290190
228850
231767
367440
331733
353680
666205
639235
357646
426823
356969
621394
484962
438778
2545757
874397
807334
1457565
472473
457028
255167
104811
197605
185911
190896
289429
393381
554189
332395
616489
355123
243893
397982
367167
315444
472558
408157
757122
901514
695077
483218
665907
630825
621334
887836
452399
503135
446027
682352
684789
434298
468452
421075
358239
453335
360974
501096
302878
321751
418533
387577
357850
341855
508260
343126
455985
359021
308924
405540
313118
312955
425748
321442
366770
273547
402013
331783
339848
537817
285939
393201
361854
474242
360796
252806
269422
283926
330413
308238
395048
345162
322035
271086
251083
380447
544458
479005
898476
548806
468160
962271
497653
310007
361859
526787
390290
310302
534460
374422
538310
451902
787430
669579
672001
478892
396183
337994
573905
470477
566680
725438
780302
881916
648577
551961
623667
488747
408864
394756
324863
308940
506967
369697
471348
379881
416128
394680
455086
451381
287093
307393
394966
300053
336973
360329
669572
789793
317222
555717
375024
589477
322354
372501
488369
382315
249061
187652
316584
313061
481212
554564
346670
476722
709145
530033
257413
227267
384128
239350
300903
275049
280050
295441
289366
218811
386402
292010
298373
396240
319447
254941
245935
494809
