515167
400265
23724
14343
34061
32123
19708
17639
18442
25148
43394
20255
16907
26373
19051
18838
20951
26886
22257
16666
27211
17240
32314
33191
24412
29601
43440
40125
29631
28881
24821
26783
30130
15918
18527
17430
31461
20917
20860
18653
21813
14807
19812
28583
15278
15174
19577
19450
24836
165001
61861
45910
29533
27799
18700
40321
47970
28688
44782
24111
24774
30988
14734
14549
20950
22163
17491
18101
20048
19930
26544
26207
20945
19044
29247
32881
19390
11010
30342
19735
30222
10673
3181
12007
11263
16705
8887
26374
25123
24460
13195
18584
39739
22625
13198
30865
27266
34718
24335
32600
18675
22350
20091
22474
18657
19825
14070
25087
24802
26356
17017
19463
44905
26327
31836
40088
74372
189919
76343
61295
37741
79352
86643
51791
64427
46661
34184
25574
20083
36867
22452
27025
23323
21470
22428
15507
19958
18508
22110
34182
19218
13171
34630
22156
20230
14920
17617
15315
17079
13540
15711
23871
18534
26259
17443
14694
19603
15171
28591
17361
19887
20954
33100
20021
15856
25713
26792
23591
24007
21976
29096
24222
42419
33830
33519
36656
56378
94030
44125
28584
33744
27507
42254
32308
23463
34208
26581
14779
19221
17488
27720
23378
34300
19999
19895
16062
14611
11526
17157
13529
15512
16007
22186
16798
17039
12826
16303
22371
11252
24388
29093
33098
13877
22851
31347
27983
16240
16708
17126
25284
44101
21722
15528
18808
21333
14455
21508
17238
26999
11268
17761
34596
20403
38776
90086
44207
24147
29783
20662
23225
27439
23155
20647
24418
17615
38055
29041
48994
54082
37682
46334
32482
48775
31751
54357
32436
