63583
66231
55471
34997
32036
119060
82253
72488
47919
52056
72810
56130
50185
75805
67027
51168
77982
50855
48360
38770
25639
30340
30111
27134
78303
49995
36248
57990
62190
45468
55443
68970
164494
78653
149084
86564
69189
34712
29283
41834
43787
43540
44466
42433
33459
41869
65345
64355
83988
50192
58547
33836
47655
57480
49341
69619
52549
56004
55768
39971
37772
29098
48662
40245
40736
35893
51981
59140
46373
51651
22458
29469
27870
41278
43178
54169
104450
89687
44743
57079
36537
66817
46186
71650
54270
52408
42736
66853
77497
59795
51087
75879
51455
51369
45224
58823
71113
187169
160682
70870
50639
54006
44113
48587
51018
37780
47936
35016
37451
59919
48303
54383
44452
57397
52491
40504
35797
67898
41319
43909
80973
84268
74984
60771
53892
97224
63254
59966
43625
60665
59766
72805
59190
60738
134347
71813
74976
63157
47871
66004
59820
40984
60996
44781
74904
84978
90125
107407
62406
52451
56337
42926
52623
64271
71439
85033
344648
154309
227418
125888
140006
151717
100555
99284
77982
60026
80659
78282
90375
99817
141478
90761
60471
81100
103267
52012
56732
100667
98349
75625
100854
70789
113200
92348
81327
42008
61379
110124
55377
37057
35369
48271
37285
46679
84111
79028
51175
69344
59459
93189
42036
45854
73210
50194
41623
36445
62488
51925
37526
37968
26028
47792
87010
57062
58217
60754
55159
35942
54953
310256
101839
77147
51415
41162
85355
61927
106053
70583
55832
44291
45936
74246
55316
29392
26142
18641
18127
15056
20887
27751
21426
20489
14687
12616
15778
18421
10247
11865
14048
14171
32336
25518
14975
12639
8474
16545
