15018
17213
11054
8693
14222
18476
13985
15763
16336
9449
13040
8941
8306
10005
12925
12706
12081
7956
9163
14223
17592
45341
27423
22943
28807
15499
29912
22072
9624
12931
12703
10401
13572
10510
15345
20083
18264
15721
20803
16808
9723
11583
26982
15482
21104
21941
16376
14126
21715
11757
15955
13435
11045
11346
18238
21186
16572
15451
8514
2291
6999
6790
6364
5340
10103
12092
13350
15673
13571
8480
8525
7212
5924
7285
7037
9811
13681
23668
10760
9962
8486
10248
12826
11601
58260
20727
23540
26612
19884
17249
11345
12730
11629
14736
9754
15014
11758
13365
12116
11210
12054
10136
8841
9616
8848
10461
7965
8383
9988
8292
9398
8913
14339
9984
10455
8070
15757
10496
9601
7039
7237
7283
3393
7145
8483
8497
10771
9092
11151
14613
15887
13160
17679
11511
14203
14245
11296
16800
14636
21740
15744
80988
41049
36418
16468
16422
18309
18860
30945
26897
24766
22411
18540
17859
13275
9813
15031
16373
31786
30472
29283
12541
17974
15953
26016
15625
17311
12084
13122
14544
17412
19469
19762
13783
16943
19066
16855
14804
10719
10459
17532
15042
15853
15401
18641
8819
21150
17346
30300
12284
24385
27911
13531
9776
8184
14853
20153
13663
21181
27394
67452
36567
29529
20752
16099
17424
13514
17769
18008
20899
16555
11138
15678
11267
12866
24693
23920
22509
15916
19561
17996
20964
16412
32215
25749
42563
21600
23550
29206
49112
51390
53395
42592
25529
57381
45227
37652
41991
60309
69378
53837
53653
50863
49732
61370
50626
75777
65365
57706
115632
72868
70302
128261
109603
39194
55952
