31149
23810
48366
35337
35946
31708
51867
37593
38561
25703
36375
36537
53359
41073
33414
41619
88278
58489
41884
48037
34021
44823
36547
37694
35308
37635
52603
108496
73776
24994
74577
46551
60934
45424
71863
56512
76497
58143
48208
95183
49428
60751
42810
41871
76363
42262
38995
43956
20531
35413
60440
39744
37168
53013
51372
57839
51210
34541
55827
56749
45777
42882
47490
49320
36819
50958
53418
36259
53970
41523
42659
86856
49418
42902
28831
39261
110166
56227
39318
36984
57495
44624
41230
49380
69160
110964
48550
59467
44374
60835
104965
52349
55857
69559
86580
61071
102244
48483
46693
42589
52728
60107
46022
42079
55990
127290
49224
32718
39196
41533
44922
47027
39267
35838
27830
31728
32285
33432
43110
43438
29929
29782
79616
37487
41997
37035
32670
28382
47695
35359
36923
47921
35103
22503
35951
42570
55450
55608
183661
110406
65780
67394
55369
35249
34731
36706
46691
51020
73021
69306
47020
57931
63347
59444
119850
50833
57637
45081
58626
79359
65986
57389
39298
31704
37626
34813
41793
39235
71916
37592
36204
39814
36047
48400
42814
47838
40491
80591
43757
37822
35333
47391
27852
42011
35546
45754
33405
36250
29112
34897
30537
32201
33042
30818
40640
54427
63451
81785
61649
50942
43034
50407
86824
46266
60317
40109
38994
46057
48094
57246
59301
44610
27609
41728
31178
22400
41709
42399
55355
54033
26710
24211
68469
46194
22123
36558
44571
38251
45823
52517
28391
46402
47555
74421
61325
34443
100582
90434
65172
70656
53820
39227
48352
158683
110095
34198
76444
50105
55743
47036
71892
48050
44112
49580
45542
47804
