72011
58387
34095
43257
30788
20472
33935
25180
35569
40715
26388
26389
56342
34594
45202
57566
20753
16561
38333
35426
22952
33132
38006
46297
58992
71591
60781
40301
52688
105236
115940
67697
103891
114469
61460
47771
15768
34406
33704
25734
15283
46417
83854
64501
60359
52711
43700
58132
55559
51376
70409
121159
146428
81390
69161
57716
74054
93623
81256
45988
39860
41784
38141
46089
86336
53808
77470
104186
58330
57269
90308
91822
61663
59934
80051
59301
64938
152772
76660
69881
55095
44131
88951
43606
44249
36542
60021
63072
55414
64088
47100
64693
105540
124646
86547
59863
51411
34143
36564
44341
36184
52892
35278
29626
37957
73267
75203
70366
45836
61520
77128
117399
81212
63575
63098
49449
47027
64265
76050
61826
82180
78664
187710
88631
85884
63354
69503
65434
80390
53688
55682
41883
34638
39310
47909
42448
69491
61641
42662
52164
50542
32488
28553
38600
40401
61492
80727
89546
61563
46953
44941
37463
34007
37498
42718
37980
64581
41840
51361
40998
33046
76716
35588
51180
49792
72955
34736
37054
37234
30222
39417
34699
31405
27520
46250
41276
32099
34773
31101
26690
28815
23644
30527
57795
50479
43218
44649
52061
43958
34028
37165
24594
36825
141007
39694
23225
29698
28056
38269
30355
23951
16000
16252
12778
14477
20142
16841
26718
27796
21496
19812
34992
26962
23932
34312
31052
25709
30186
45298
24826
27504
30090
21771
21122
17142
20021
32710
23402
24145
19990
28431
30421
22258
20802
18000
23792
39461
65843
25472
21126
18615
21753
20724
18137
24045
15799
24108
23851
14633
19233
17135
24452
20345
23872
21435
17700
