13451
17691
15255
24104
19503
14837
8409
18611
15515
18540
16329
17726
13355
15932
16050
19819
17933
14722
20860
27336
27180
42915
24029
10562
21051
5396
15979
15692
11678
13469
20587
29616
16366
14066
14518
17317
21918
19581
24816
41036
30021
32364
33038
28256
16696
17526
18736
27613
23736
18346
18810
10711
24777
26635
17376
20180
13740
26361
33967
29484
20750
27658
25811
13959
25475
31634
25071
18797
24048
16900
15792
13898
16249
16450
19298
24108
21424
19066
20909
21948
16582
17978
43850
19626
25017
24153
21699
42301
16970
17050
19101
14050
12566
18162
17648
16511
17670
14441
18701
18908
23632
32906
34855
21524
24070
23065
29032
23051
29752
30253
38355
29769
24089
22191
21580
48438
49363
31077
18666
29540
22848
32206
29226
33915
35510
47675
37062
21090
35679
40366
26841
32202
33499
27582
22622
42846
31824
41060
37639
39605
22528
29093
23219
22538
22959
40635
25624
22161
32365
36875
86984
24603
34186
31600
55824
43345
32321
24870
21262
23629
20826
22772
18686
22589
25992
19528
25151
39852
26115
21231
20388
24257
28392
22997
40203
21677
18239
18660
18237
21265
11720
15294
21261
20433
12415
15574
26034
18217
17823
42530
40754
51615
34022
41312
48883
57757
55892
99713
55341
28153
53580
55764
68036
95009
79279
63913
64125
56722
43127
45753
52050
47520
46777
44613
46678
89629
109633
76632
111858
72731
49199
106749
45584
35584
54779
47873
63838
58332
39592
51065
75554
60483
63556
86962
56903
79823
52517
40945
46684
42216
48558
52484
49929
63373
43384
48129
52868
72659
44568
49312
50637
37106
73719
73419
84888
58483
