134322
119585
86315
44730
74254
72641
67969
97652
207538
156493
125178
106626
113634
139896
151170
132906
137721
190882
146186
133085
160286
194160
120032
155850
131920
169610
242812
110288
113889
179888
210299
155463
105060
108251
94083
115795
170388
157711
155341
294580
150905
120971
141381
106241
135100
159530
121297
140836
116311
112118
113750
75566
125851
126978
106754
104812
243747
184585
124951
94725
171840
98740
93692
86988
97931
99472
97764
69415
99668
117880
107496
95671
129362
111396
125353
119640
128526
146879
176602
192341
113156
90931
114992
109213
165959
147509
191751
149047
133199
162793
123010
186710
166098
240684
289450
270905
196301
136108
124594
186532
169464
322305
204192
272571
245493
135577
240626
190790
139825
140195
160546
136657
105093
240418
195013
203173
165404
158504
140274
139000
143107
159051
126672
254266
146569
136592
159458
148195
453366
146971
203546
183923
181146
135841
182257
161790
126499
116072
134410
132197
107082
122566
159221
118959
162838
123110
119844
130456
141173
122952
93289
96309
135588
138609
106736
80749
74399
82702
82691
88484
113092
128009
100983
96502
163201
156340
117016
7160
9200
11906
7506
10547
8972
7603
9889
9844
4978
8969
17498
9025
5774
4856
10871
10228
11728
15636
8530
8027
14204
6750
7464
7069
7681
8491
8906
11274
11588
7129
5958
7882
6154
7367
8292
10781
13212
17282
24679
14592
6943
9568
7874
15535
18288
16186
19728
11216
9089
6877
8367
5533
8819
9711
8711
4903
5330
9498
7555
18955
10528
4749
15120
8784
12213
11334
12378
10195
6131
8743
11057
8535
8205
10851
9411
7192
11316
7060
5885
9589
2498
6037
9343
5262
6846
8563
5833
8032
