7164
7021
5172
6582
13964
8172
7772
16421
6851
13301
14079
9828
7626
8106
9569
10894
13467
16466
15958
11029
14723
8417
8601
5153
7650
6985
5974
9537
7621
9173
7854
14873
14521
22511
11844
15049
10723
9564
11976
10294
16951
13290
11765
14205
17985
42944
21697
16280
13187
14236
10383
11395
12313
12859
11899
16291
11730
9599
10606
7162
11253
12012
11811
6470
8174
8195
10171
9066
12978
10535
9935
13871
13926
13625
14661
13234
14089
11267
10061
10653
18012
13692
17435
35835
33708
29221
18213
14985
15007
12004
15756
29923
30507
23533
14546
14780
21848
13969
13216
12389
11266
8938
15608
13100
23507
17241
16429
16484
19021
13119
9170
8102
17327
18052
11536
13617
7366
15469
12657
16435
18600
21416
9781
19139
13328
15055
9565
6339
8554
12870
10664
11473
19289
8969
11021
8721
50056
10990
13818
18937
23091
18414
11855
15289
9705
13797
10046
5947
9317
12812
11803
9236
13804
10097
10557
10789
1105
918
590
807
470
410
560
507
601
402
298
330
277
509
412
367
415
219
764
364
595
159
456
285
700
384
423
430
317
332
242
183
221
293
283
333
335
506
346
149
294
366
362
158
269
262
433
272
216
464
388
318
304
342
404
312
386
277
407
342
506
324
130
440
745
541
761
717
681
583
407
489
408
461
452
642
793
925
346
374
218
79
235
128
186
299
246
278
362
460
331
167
163
174
190
361
221
286
599
566
