247
182
407
161
298
215
187
120
271
312
145
275
254
326
326
536
286
216
205
244
249
771
623
464
659
585
437
402
583
943
285
409
540
242
340
227
294
315
616
271
222
371
236
290
170
319
286
240
1493
635
388
443
525
466
755
977
1268
987
821
733
595
311
321
345
714
484
998
588
471
520
749
1144
941
664
443
724
386
499
770
745
470
550
618
398
534
869
1561
542
692
495
646
531
506
679
1261
754
528
640
571
577
385
321
429
353
700
541
926
498
556
553
870
579
429
999
914
631
569
522
559
779
592
985
1081
801
957
898
463
474
366
665
493
478
645
1024
1507
3148
940
910
1928
2006
1681
8774
3035
2197
1828
61370
47094
67290
37465
48820
40749
79033
74340
58812
57935
41647
35545
52768
44291
42000
59428
46907
50710
62050
51522
89045
85569
47623
42077
33756
59241
79065
61213
49927
64763
78295
44028
35376
34513
26412
49609
54463
47946
43661
68647
72381
76348
54314
46569
40931
52711
51885
29864
42169
43245
36813
32600
35378
26443
52549
42768
27452
54375
93199
53069
47627
50013
26642
59024
82648
68836
81113
67333
44338
42969
36161
88125
51320
33219
49240
47648
45088
59878
44430
35389
24827
15199
28251
31340
28735
24181
42778
39148
42078
82568
56738
53261
50871
57821
32485
47125
55099
50089
66011
81536
46017
63897
59301
56981
67242
61743
56098
508481
342944
167198
147857
