194611
157284
157815
103030
95556
46418
46256
69631
87056
75706
79066
86718
73908
77322
89304
71497
99277
68465
57369
90195
96406
78274
55757
87102
156679
100281
64541
79759
61887
68676
58659
127809
50758
37813
52737
74017
69689
66806
75675
66216
62757
53839
52738
45569
59069
55816
58437
69093
52640
60879
82361
51030
148850
328364
150514
85543
116641
76098
111053
54561
150122
153206
113358
91761
75156
84978
111585
90215
96706
142447
111394
112103
57744
92385
106373
73018
54417
84075
88875
68671
100250
92919
88904
66814
65891
52091
52444
88547
48425
30563
47364
44432
47891
45359
70021
124921
46458
110267
80619
89206
58788
49627
97018
85511
41569
36248
85499
37854
63416
96620
51674
41507
56231
100536
47876
91184
96062
56360
83881
74224
81222
61259
50838
29934
48008
42737
48636
47736
52099
35446
28857
38698
47403
35871
19789
13971
17749
17052
15152
15378
16364
28418
19765
20133
15748
18627
20146
54748
41352
45920
24408
28238
27009
20457
13928
13837
25084
18757
9467
12214
24998
30671
32382
23518
21610
20476
40720
25214
18638
19299
28226
26520
30640
26157
21031
24603
22412
15280
22126
21814
33318
22301
15183
12880
12186
11844
12981
10535
16525
12053
12507
14337
19817
17499
16331
8207
7833
23302
28862
19299
37345
19317
14131
11801
11595
10554
9343
9356
92610
40255
15526
22060
11090
13410
8361
2896
6227
7601
6470
7019
18332
17244
22548
14206
13099
11167
9075
7270
7802
13409
8099
12654
17317
19198
16346
14569
23974
13848
20593
20109
22484
21547
22277
45332
21519
20448
12301
11989
17388
16277
15384
14020
20161
15688
20115
21354
