22946
17913
18229
17261
14831
12215
9668
10419
10209
13771
12045
9823
7886
15800
11773
10252
16987
8582
10546
8856
11235
13391
8763
14594
12914
14377
11634
17646
19365
17272
21577
22947
16947
17063
11431
27247
21003
30996
28127
39824
45453
26256
30415
46608
28179
23392
17552
22656
21629
40819
35749
26062
23353
17034
14747
19350
20448
25142
30693
35015
29080
19630
35811
27850
31603
21038
21195
19549
15177
27526
37042
25989
24762
17252
19093
21309
22822
26428
25466
24599
30695
22280
31824
46306
33828
26687
39042
38243
35699
18594
25209
25676
16508
15578
83234
65093
35090
51780
80349
97730
102200
122097
82834
63996
61542
56009
43551
58424
56578
55569
35576
40418
30193
27847
21510
29026
55799
40300
21853
19955
28172
37938
34364
144813
71082
137118
109097
90435
60560
96490
104643
102130
59894
83450
131100
99284
98364
99312
72595
112042
133279
120506
166977
183017
161286
99569
127319
102116
259504
208211
211354
192102
155364
143416
113690
108272
88153
177973
119461
464565
502530
28391
30507
29570
18988
17064
17596
21853
34068
24497
17269
10195
22618
23702
29682
23416
22009
21364
34446
26200
16546
28301
23099
38529
29527
19065
50941
48939
50057
48653
30012
38025
74634
51490
20350
17926
18369
38984
20383
29428
24183
42128
20211
19579
20062
53481
47925
62896
24826
36543
30893
31647
35900
26286
29263
33455
23860
29614
22969
17672
15688
19328
13292
9436
24779
24090
25398
24731
60857
34660
28843
30575
19647
16291
13809
19041
29209
18357
29933
13971
13153
13466
2927
16392
9644
12339
10069
20709
27482
26746
13873
13823
16993
23282
53030
59125
