88153
177973
119461
464565
502530
28391
30507
29570
18988
17064
17596
21853
34068
24497
17269
10195
22618
23702
29682
23416
22009
21364
34446
26200
16546
28301
23099
38529
29527
19065
50941
48939
50057
48653
30012
38025
74634
51490
20350
17926
18369
38984
20383
29428
24183
42128
20211
19579
20062
53481
47925
62896
24826
36543
30893
31647
35900
26286
29263
33455
23860
29614
22969
17672
15688
19328
13292
9436
24779
24090
25398
24731
60857
34660
28843
30575
19647
16291
13809
19041
29209
18357
29933
13971
13153
13466
2927
16392
9644
12339
10069
20709
27482
26746
13873
13823
16993
23282
53030
59125
31210
20067
27128
29804
33775
44771
30031
27541
24906
25816
18390
52076
11230
33763
26440
17054
28005
44437
32347
28842
22475
19396
29402
29462
21725
18146
12735
15909
25122
20336
18138
13146
23883
17616
18551
14932
20168
33933
24430
25871
36369
22886
13297
29166
24883
17539
27870
35301
29541
19625
15993
20567
28235
19030
24639
21213
16257
16481
12167
43781
18580
41094
23592
17427
14681
19353
26141
21727
22305
30852
77284
33382
37871
18618
37105
25317
44558
68231
49353
33670
17018
17836
28878
23167
28357
29249
71653
38698
25912
34201
33854
34862
14543
20724
25255
26091
42950
32322
49502
35122
26469
18305
21751
25332
19766
20363
13551
15861
18563
15203
15635
32782
21658
39540
30901
32287
33183
42423
26561
20358
16475
17971
29452
27891
35617
36795
33664
20923
24101
30235
29542
27955
32076
82782
42867
37860
35443
24357
23536
15529
19085
15563
34298
28971
25872
12417
22807
20052
26498
22329
44563
36716
