31210
20067
27128
29804
33775
44771
30031
27541
24906
25816
18390
52076
11230
33763
26440
17054
28005
44437
32347
28842
22475
19396
29402
29462
21725
18146
12735
15909
25122
20336
18138
13146
23883
17616
18551
14932
20168
33933
24430
25871
36369
22886
13297
29166
24883
17539
27870
35301
29541
19625
15993
20567
28235
19030
24639
21213
16257
16481
12167
43781
18580
41094
23592
17427
14681
19353
26141
21727
22305
30852
77284
33382
37871
18618
37105
25317
44558
68231
49353
33670
17018
17836
28878
23167
28357
29249
71653
38698
25912
34201
33854
34862
14543
20724
25255
26091
42950
32322
49502
35122
26469
18305
21751
25332
19766
20363
13551
15861
18563
15203
15635
32782
21658
39540
30901
32287
33183
42423
26561
20358
16475
17971
29452
27891
35617
36795
33664
20923
24101
30235
29542
27955
32076
82782
42867
37860
35443
24357
23536
15529
19085
15563
34298
28971
25872
12417
22807
20052
26498
22329
44563
36716
38030
34656
29130
23767
32660
51273
36976
20539
33587
53111
37944
46622
54375
80936
90462
57182
33546
58724
80066
53975
50288
37720
35404
40877
65504
60861
82378
50741
52741
37077
55926
71108
96390
45801
38735
79818
44704
34804
32889
32129
42666
38550
45380
143112
74221
54226
44837
60418
49014
52817
47464
48962
40774
22088
28084
20780
25291
17264
26577
16875
25069
25852
20443
28946
36674
22341
26931
34042
21933
26325
22012
19258
20752
24018
24654
14235
13765
21227
6286
9577
9667
10211
10919
47436
56443
27392
23891
15397
19100
33064
29594
44318
27428
13260
36392
27595
22286
20479
16230
26161
23314
26266
25147
19500
