19769
22473
26352
14963
18384
12562
28812
31413
19752
16801
31679
21590
16803
32703
30572
36944
39558
31046
21900
19608
14305
18149
22158
30542
25866
19388
18886
20469
34366
32543
17131
24899
48824
32995
36339
31576
30856
23609
27865
29593
33742
37570
33001
25356
52558
37973
28683
26961
44439
31685
31633
36113
34007
25864
38990
37407
36613
32803
22324
35705
42853
36266
39880
37768
61458
72069
31152
34046
21103
19898
21914
29804
36846
32661
49210
40734
24052
32219
28792
25409
24044
19989
30988
25869
37091
41197
30252
18372
29483
28349
25926
19759
21483
29132
21695
18271
39103
49560
28047
34253
38873
25260
23014
27542
20450
26385
22550
32030
31685
25903
24457
21463
27305
24809
21863
19518
19167
23023
55799
33452
22416
25093
21779
20956
25462
23586
17464
16874
23560
20124
19226
96678
104371
99585
133945
132608
120415
89765
141510
79487
74746
69491
110447
117754
140313
102548
179920
165744
136020
112883
83917
99316
133399
119346
95235
109445
102876
147860
143926
173742
128455
130970
96929
114517
75381
114738
118097
117568
93373
109311
117124
127887
123582
105615
91290
119769
239816
178301
91104
137447
89834
95312
124898
104590
81672
110202
85187
101550
97886
77563
75299
70444
77241
61895
135085
100844
74223
94707
139536
84968
80703
139934
96835
83320
83312
59206
93380
74127
73029
108246
80721
70767
61399
86733
85315
80128
35912
103429
90068
118372
121418
260024
194412
229360
132201
110525
126352
141346
151684
269072
280858
160282
414175
480322
273015
299085
193749
206597
127080
203702
286077
165666
217818
198202
230438
263111
272950
191881
164153
223715
130549
162833
161079
193472
124790
141110
