147035
168594
214439
178851
202665
208435
167780
126348
138148
123010
147568
166443
173071
151405
136632
182161
177627
213226
193362
128162
130388
113157
156374
147418
166993
198187
173045
203097
107297
99214
114575
148620
234620
218186
178947
154877
173711
140502
147742
232841
181816
169812
164747
194979
196209
231206
251629
222638
153566
182454
162744
231273
258786
248883
280538
284570
273940
250919
144049
243307
227777
186166
140687
144989
123853
144138
259286
154216
180407
172296
115248
128921
127925
106359
92228
128303
110670
169314
114652
133408
140211
129551
107690
163228
115699
193918
101279
126359
129650
109484
133829
98584
114527
143573
107174
92233
78227
170192
182775
131440
172635
151852
247283
147471
139469
119730
132203
106034
112596
73061
119825
70554
101432
93430
94244
80616
72902
114636
231637
143728
34085
17802
22083
25454
17875
14601
21296
22595
28624
22343
13366
26660
17007
16353
18807
26590
26290
32945
41044
22916
32187
29846
37021
23117
14626
24769
43394
36904
30691
21037
33138
26892
24063
24671
31544
48324
38688
29257
28475
26687
30147
41592
33126
32792
34635
36042
45440
21813
28853
32400
33732
51832
40356
74919
54039
29533
45033
35916
25785
27095
23583
20488
13459
22641
33769
51353
21346
44209
22401
18905
22473
21112
23004
23619
35604
25259
32691
36353
34027
23409
15032
6623
16155
20371
17368
13646
26703
43215
21644
30416
15990
22665
34813
34383
22783
32496
16476
27310
44440
33478
21064
27308
38857
28590
39601
23351
25017
22092
40371
48008
32742
33035
35045
31706
30094
15416
22496
22867
19379
20906
31507
29069
31086
25616
15248
18276
15581
26960
19826
14084
21933
22857
28537
21189
11475
14436
