17598
21777
35456
17892
16494
16463
21435
19000
19289
14905
24049
16606
21385
17616
17040
17924
16403
18185
26013
17348
49633
50699
18401
20101
22017
26303
16402
20740
24773
35638
35942
21376
19916
24021
26354
50727
43681
38694
30402
29882
18752
29116
30574
32132
56347
60554
56568
23708
37009
27831
23334
34747
19264
22922
20680
33408
29281
35320
26724
44410
15500
19930
17969
15587
21800
33864
21014
23341
24659
24925
26778
12754
25975
32581
39531
21538
25716
32855
17552
12915
11316
20987
25116
21803
22828
21519
16027
16313
19296
28615
20175
28637
18844
27787
26766
29149
72113
228272
58749
29743
22011
26595
36929
39483
49735
29778
26044
40774
38244
85971
94850
70456
60316
58881
74100
144541
93969
61412
76140
55352
76538
75822
41778
56831
65311
83253
58684
82510
62009
55433
73060
84758
78795
49049
42648
56512
64239
64912
59352
45595
56905
52748
36835
33098
36735
73872
46181
46786
37573
31804
46439
68977
44564
47232
54647
105768
45506
61919
60826
27566
38708
33986
26226
33412
23791
25090
39806
43424
30999
41751
24470
16192
48142
28716
28379
43883
38127
32427
23882
16826
32276
21874
44045
21665
34445
26871
41311
29355
29313
27621
6217
11799
20548
19954
20472
25558
35049
34230
50763
28655
35981
107974
47703
82260
56194
46607
35894
58951
45675
34132
46082
33395
40697
45462
32851
42821
26578
67164
47608
47931
39772
67066
59381
38115
32601
45966
32198
35216
25039
40994
35621
26481
29207
25720
43799
40549
33106
35555
22464
34798
56013
57157
29511
28799
39372
40115
43685
72890
35341
34201
34091
31963
40331
45884
27621
35667
