35561
33908
39260
38233
53547
50214
24924
128771
48446
34123
74198
44313
34663
49062
31192
31570
29574
46876
80919
73416
73508
58564
110120
118734
83680
87155
57744
44620
189251
56611
68682
60981
56100
64108
71001
86334
44003
82525
66278
45967
50997
57791
40997
30106
63486
59938
61936
93271
51205
38241
48294
40974
40963
52601
33053
28759
42788
28806
50213
57846
65054
99423
104445
62047
48287
68378
73586
60160
45625
53156
47657
54054
60514
60439
36585
44569
71511
54608
37853
47494
33167
42569
36372
30342
38816
43247
92738
30980
41335
19677
86789
59373
42493
35702
33646
34679
39020
51070
71158
57075
52132
51363
37824
62760
45845
63125
51699
60293
48628
102531
54740
52937
31855
44985
88658
92203
78955
44933
37027
218905
78253
45528
36009
43316
62639
70866
61615
72050
56606
45911
61754
51243
65659
114294
129909
86620
102851
41991
55909
56601
56973
44723
57568
47056
52265
56059
32862
37761
37657
44253
30394
46182
26190
29294
47692
38237
44481
30550
36184
18008
39821
57584
40668
83055
79212
40879
111920
75394
47647
43418
45706
43387
102169
55384
55804
39601
31108
21120
9563
22016
22860
23874
22489
28247
34697
63291
92527
50057
56117
61117
70265
49064
70724
71330
91891
207679
137913
115615
82354
70361
84948
126124
56537
47278
64842
106115
119243
58125
80056
58119
114780
61546
50820
48747
79910
54132
56270
78121
118949
65911
53671
52695
56747
48597
48167
56787
35686
45415
48683
87938
60112
53408
54706
56248
62383
87863
41726
50535
142735
111073
74085
89474
58912
62133
48651
49361
59298
57794
44346
25796
34100
35552
57728
47009
60502
61003
