48578
89858
69598
54877
38016
126734
85604
105033
98804
60517
98177
81699
116533
124983
64502
71402
68658
90566
101296
115602
89971
76120
132062
141639
76068
98678
90980
82888
67666
60918
71310
104800
181157
123817
124052
84075
93461
75275
64260
119891
74800
63681
70860
59907
49941
54412
55325
52133
54963
90296
79739
92882
48903
103642
137275
128599
72266
70389
95259
94423
84426
95085
92644
99053
100869
114640
104004
65920
96025
57800
91266
89193
61942
37562
33500
43242
45011
39963
86172
149685
82297
59094
60040
57749
51981
261666
256036
211849
187769
213956
177164
243392
243761
163158
151620
151577
196531
191783
174708
174835
194822
221556
209896
432528
179839
145636
209034
215581
164555
133017
146978
271198
249342
204789
218524
211692
153049
192314
135432
162343
193377
252868
241019
235570
204062
200501
231017
260234
206722
271290
303447
263552
162371
181850
168107
156966
143985
165875
144615
213292
229254
166464
172549
192698
189474
171221
132695
121052
214365
173765
147870
178549
237014
178363
184935
172298
234272
171296
914588
544262
577117
466269
629893
344776
279458
189618
81491
196980
199870
198612
188522
278113
301785
350474
271941
248994
306849
314976
248849
186378
294128
260883
346306
391186
390883
293050
340843
357262
373645
408804
377030
340632
240247
338663
423007
305209
362455
217016
235594
306370
305183
218227
225440
242657
204696
333773
214702
256691
201304
187987
248283
222850
219634
268385
203001
290030
248117
193725
233628
220737
351117
387760
259285
455641
213930
247546
197547
211002
305548
261282
177484
223543
196192
209025
197769
245319
240636
210997
181705
191791
187873
167184
338661
256872
229896
211202
216546
243413
182388
363769
332481
472040
437620
307402
316468
302624
