583362
690108
383375
298023
253908
267943
388153
319289
344675
367259
572012
528091
278454
505417
340318
319136
320812
329774
286707
323855
450191
283917
484606
316931
330200
212284
246678
245340
206542
233112
327492
248783
261480
380597
341889
1180234
430239
525368
439448
477539
327679
369151
417971
404345
259786
235164
305141
260637
247417
358056
209599
238100
268596
270523
192853
202266
224014
235110
337707
293678
281441
310757
210343
199907
230977
147369
231981
242812
169588
146562
143097
201301
211769
210130
9849
6499
7968
8462
8673
11574
8851
9949
10155
8304
7117
7458
8847
4976
7753
11855
6971
9618
11798
5392
8788
8348
7380
7759
6349
7691
19249
17711
6710
9658
15990
5968
17682
6749
9454
5400
7267
6882
9932
11610
7270
10574
8183
10765
13334
14905
11124
9639
10443
9721
14003
11607
9205
7896
10519
8133
11542
11135
9812
12567
6226
4167
11456
10022
7478
8869
11502
5883
9834
7412
8786
12761
7933
8364
8990
8313
17503
8540
4898
5818
2033
4355
4398
5752
4892
10513
7633
15950
10960
8037
7872
10020
8148
7099
8798
5813
8441
17312
15271
7058
11384
11867
13558
11748
10257
19689
10508
11132
20673
19246
16435
13045
24852
23255
11010
13996
9833
12703
12991
19892
13142
11772
14150
7839
9051
8225
7588
8676
6040
11802
11484
8339
8573
7239
9376
9485
12780
29848
8676
5793
5894
8673
6330
4146
7095
13424
12110
4927
8454
6729
5712
3989
6218
5187
6505
8402
15738
7462
7228
12454
15547
19031
15632
16426
14392
24101
14904
12522
12066
15449
21059
24540
18919
16114
9367
12856
16914
14395
17931
22191
26896
18602
