8891
27727
13635
13225
16821
15158
9630
15915
18015
17628
12488
13287
8952
9213
15864
7900
8820
12204
9012
7929
9276
14409
14326
8843
11163
24920
8791
14692
14072
11952
5053
5472
6679
8893
9834
11183
30607
17338
10369
12879
10286
8890
13499
22854
34907
19866
11322
11348
11923
6503
12182
14649
9079
5505
6056
8429
18881
42005
45643
65192
40004
40968
42755
43981
54620
53843
42298
30005
50654
71531
62816
48545
99827
74429
73487
62679
60122
67420
69349
49023
37442
1429852
763819
434951
473696
377314
343524
337167
343996
428674
309882
168633
226889
164604
133846
179881
219943
254303
302170
566925
246845
277818
204780
144843
200488
105882
132855
150083
154057
214993
143067
152223
152393
122476
161686
100247
121185
78915
96218
50440
104458
133410
95758
65754
206894
85637
84906
100082
118877
78994
192621
239662
310346
122346
118168
69094
114105
53057
24100
103153
86995
72126
94923
134726
85792
69416
118801
64824
139019
187061
111173
92496
115271
178629
207875
442400
218665
146680
108558
183201
180676
223243
144426
246101
131224
248390
364235
128148
272852
106995
231865
135277
99194
137136
179831
143738
125341
79473
105824
117349
110077
125285
115791
103157
155025
138733
138322
91992
123243
130734
138912
144328
128266
181523
121037
178054
142696
149266
88127
128100
72367
70633
62467
116304
101971
174081
117449
125425
149870
146244
78915
188261
125701
129316
156986
249031
194743
136405
140274
792871
279202
249565
237342
185618
189338
144846
197256
219926
294069
271344
261827
178211
136123
199657
145937
161022
178211
209446
348477
172696
198333
294070
205680
195788
189449
254166
186997
133808
171575
201430
245130
289915
324277
159380
117904
141659
