87407
114949
132315
123473
126276
131804
104265
156643
87196
148249
353679
360237
172178
172840
193098
194804
170224
161959
145236
144441
120703
136247
110343
193281
193710
328591
204936
224609
253330
150735
222857
197000
185459
157383
125024
94524
87840
92228
147205
174079
130847
89064
65004
97557
61778
98025
55384
37588
66748
56715
77898
63253
83966
65395
74647
73116
74900
57967
72833
90016
63435
73454
87049
108734
74171
42046
51370
69998
58863
56160
43878
49547
82207
78214
83491
60229
51084
53678
60911
67750
56070
74285
72364
67994
53889
75872
46336
58040
44105
72404
75005
59947
69271
66017
61222
107280
51966
57173
89848
40945
68595
57946
87862
81092
94410
70217
60747
60101
35790
73788
70263
58534
67257
71015
59340
57026
61234
65926
57728
1250384
657341
456958
271252
241554
182503
147202
118537
37742
112588
140630
107350
107029
126525
140331
167009
128529
125951
120416
108771
112126
99730
71948
106451
123510
121223
182271
106191
136411
137533
144229
172892
107562
137753
98206
137594
173120
127663
130205
83023
72127
105406
108017
98349
104125
70111
84040
89641
67615
85412
74651
50383
59733
71754
74529
106895
71849
126521
89015
116912
110567
64369
214285
298102
148816
139232
79026
58473
85832
95725
148149
51016
65534
116354
99016
78817
104923
87437
58409
90856
71940
92905
64338
35442
112724
84646
76572
73544
61598
71796
37310
131786
64224
97831
200148
108536
82888
62422
168646
218632
124012
77915
47740
68586
90911
103533
68922
84331
168637
170590
97023
115195
107322
79863
74323
121481
101844
87369
247916
129578
128563
104581
70963
88963
57039
43656
50426
58108
80821
78789
71076
96918
93805
183339
235459
261709
228505
