657341
456958
271252
241554
182503
147202
118537
37742
112588
140630
107350
107029
126525
140331
167009
128529
125951
120416
108771
112126
99730
71948
106451
123510
121223
182271
106191
136411
137533
144229
172892
107562
137753
98206
137594
173120
127663
130205
83023
72127
105406
108017
98349
104125
70111
84040
89641
67615
85412
74651
50383
59733
71754
74529
106895
71849
126521
89015
116912
110567
64369
214285
298102
148816
139232
79026
58473
85832
95725
148149
51016
65534
116354
99016
78817
104923
87437
58409
90856
71940
92905
64338
35442
112724
84646
76572
73544
61598
71796
37310
131786
64224
97831
200148
108536
82888
62422
168646
218632
124012
77915
47740
68586
90911
103533
68922
84331
168637
170590
97023
115195
107322
79863
74323
121481
101844
87369
247916
129578
128563
104581
70963
88963
57039
43656
50426
58108
80821
78789
71076
96918
93805
183339
235459
261709
228505
158452
304109
339242
154204
306233
235914
146636
170038
190962
490832
268625
194511
646681
535947
620099
864125
268268
305928
368142
265025
207013
264158
316022
398807
248801
326852
221839
214302
124638
279668
290156
169136
194924
175116
243433
204862
178780
383203
462044
160180
177603
212158
199177
250482
277386
135645
148374
241035
163522
264537
261252
222562
127762
268909
161299
245028
197739
213705
114528
175892
170964
178077
171964
175784
180366
311605
253978
187439
226074
180870
132781
206402
261566
300210
178090
106345
235848
47365
115042
134501
81885
95174
165889
117181
164219
318163
154710
161852
156744
169617
167170
184158
151829
144211
218605
251354
196836
439793
417009
301594
396673
298656
275566
247305
276680
207137
198563
167168
365180
245101
189292
209704
127328
137047
154090
104636
