158452
304109
339242
154204
306233
235914
146636
170038
190962
490832
268625
194511
646681
535947
620099
864125
268268
305928
368142
265025
207013
264158
316022
398807
248801
326852
221839
214302
124638
279668
290156
169136
194924
175116
243433
204862
178780
383203
462044
160180
177603
212158
199177
250482
277386
135645
148374
241035
163522
264537
261252
222562
127762
268909
161299
245028
197739
213705
114528
175892
170964
178077
171964
175784
180366
311605
253978
187439
226074
180870
132781
206402
261566
300210
178090
106345
235848
47365
115042
134501
81885
95174
165889
117181
164219
318163
154710
161852
156744
169617
167170
184158
151829
144211
218605
251354
196836
439793
417009
301594
396673
298656
275566
247305
276680
207137
198563
167168
365180
245101
189292
209704
127328
137047
154090
104636
183470
192852
201288
149756
172393
201020
206143
229061
214233
305597
207602
330894
217328
231071
189677
183127
137545
126284
178709
187482
318824
327221
274889
232248
149033
162040
119972
201040
92260
256966
199264
453691
477330
228329
475173
410284
600246
514295
269734
391719
716861
362355
189025
173693
228514
264620
167929
196881
181623
313826
230042
321257
439409
281087
277964
164058
153637
281113
219519
161893
204857
337889
312152
200288
278562
336632
310952
176265
304754
249964
284019
236064
191531
355006
181104
212490
140567
124982
138916
159222
107692
127670
204127
224199
133743
183007
298185
82527
318297
239206
332231
185671
173374
174217
170894
126831
155871
223287
122556
126265
168297
161682
295782
780357
426775
343183
232478
209734
135225
167029
183803
141671
140985
142983
133947
122040
96579
132431
116624
78455
114163
132988
141006
171927
31962
32212
38307
28738
26442
43639
38109
44408
46046
42595
19366
84156
62385
73021
52276
63961
