72468
75213
44205
78732
31871
49376
44258
37402
88596
70847
41547
70926
68578
124177
90615
89724
64894
74352
67597
90678
66756
50642
66478
115475
113898
84894
53525
44282
42070
52247
40300
178472
77951
51966
23853
49371
49411
50051
72960
61148
52292
79552
75596
48117
34942
39498
56391
45551
36310
57199
30900
30295
38331
11454
32814
21293
27994
32399
39746
56060
126156
247173
69031
55341
73412
103672
46778
48892
70570
99796
142247
112906
104746
263348
93140
70675
69635
69133
58804
102810
113899
79666
80661
47848
41279
51800
48889
35311
39481
44359
57047
46926
54777
47703
44821
35289
24521
47037
33434
44417
45408
30841
56265
138580
140782
91071
64155
85243
135273
84749
77986
59811
43734
51772
51958
59995
71276
39507
46177
32338
65553
85337
72037
40026
35888
74970
91218
125288
101535
88028
84471
136601
155784
67773
50479
66946
76583
62491
34570
46478
43705
52717
75806
106785
95865
91576
57541
47338
38257
53171
49428
57442
141614
149457
92008
62354
73876
118699
70753
49709
54167
48964
45885
71806
60478
95832
98002
66766
59630
52385
50170
48237
47561
82895
45299
36134
29489
27803
45427
38807
66430
38088
64676
51965
33385
42285
33018
30944
23380
40798
47568
35362
59272
62596
192690
94203
58250
43820
35775
41214
42011
82712
47435
31441
33789
25059
22452
39544
21024
32541
49279
39411
25193
25914
31717
45935
37225
20925
21776
23235
20250
15259
15019
17740
22692
18075
25385
52712
24502
11564
25496
12964
18855
16203
19480
18668
30306
25050
32596
36964
41161
28476
39062
34637
34574
44754
22554
45144
22857
40923
24517
13188
18716
26764
12905
22012
